  -1.9728322e-02   1.1333606e+00
   1.1524982e+00  -1.2161857e-01
   2.3070137e+00   2.5299129e-02
  -1.8933875e+00  -1.3870041e+00
  -9.7257945e-01   6.2426398e-01
  -5.6129265e-01  -2.3260696e+00
  -3.7254755e-01   2.2838754e+00
  -1.8647492e-01   2.1539567e-01
   1.6107227e+00  -1.6646041e+00
   2.6415284e-01   1.1708504e-01
   4.1029365e-01  -1.1004670e+00
   1.8659198e+00  -1.4814768e+00
   9.2398066e-01  -2.1959475e+00
   1.1515978e+00  -9.3374641e-02
  -1.3571307e+00   1.9040271e+00
   2.7940724e-01   2.3042663e+00
   1.8456726e+00   1.3896509e+00
   1.7057321e+00  -1.5476592e+00
  -4.5131582e-02  -2.8140708e-01
  -3.7485017e-01  -1.1229055e+00
  -2.0964219e+00   1.0020290e+00
   6.1103741e-02   1.1456854e+00
  -2.1087014e+00  -9.4988934e-01
   1.4626256e-01  -2.2456649e-01
  -1.7988652e+00   1.4869104e+00
  -2.2363038e+00  -6.9097107e-01
  -1.2268742e+00  -1.9685551e+00
   1.3399845e+00   1.9153490e+00
  -1.7564536e-01  -1.0919729e+00
  -2.1915126e+00  -7.6223680e-01
  -2.2347121e-01  -3.2783507e-02
   2.2651789e+00   7.0783957e-01
  -5.5630164e-01  -2.2827386e+00
   1.7286535e+00   1.6353035e+00
   1.1767183e-01  -2.3944500e+00
   2.2934081e+00   5.4837380e-01
   8.0397306e-01   8.2666167e-01
   1.0601633e+00   4.3792375e-01
   8.5356778e-01   7.9688672e-01
   2.2503011e+00  -7.3211033e-01
  -4.2532976e-02   1.1297312e+00
   7.7577327e-01  -9.0095542e-01
  -7.5622599e-01  -2.1942680e+00
   1.6324738e+00  -1.6869360e+00
  -7.9751966e-01   7.5967059e-01
  -1.2535071e-01  -2.3630045e+00
   1.7630481e+00  -1.4964896e+00
  -7.3458344e-01   2.1833795e+00
   2.2231268e+00  -6.1547456e-01
  -1.1527712e+00  -1.2032850e-01
   1.3680791e+00  -1.9034506e+00
   3.3197368e-02   2.0697208e-01
  -2.8567466e-01  -1.1471867e+00
   2.2936017e+00   3.4960958e-01
   1.6387196e-02  -2.2872516e-01
   2.3249910e+00   3.5617820e-01
  -1.4557053e+00  -1.8296977e+00
  -9.9711815e-01  -4.7696796e-01
   7.5950557e-01   2.1882846e+00
  -6.1374335e-01   2.2592328e+00
   1.1373441e+00  -2.4486369e-01
  -1.6868696e+00   1.6986588e+00
   1.2846112e-01   2.3447518e+00
   1.6657820e-01   2.3617227e+00
   1.1157204e+00   9.7083350e-02
  -1.1727534e+00   1.6432348e-01
   2.2986102e-02  -1.1120114e+00
  -1.4430633e+00  -1.8119628e+00
  -1.6452591e+00   1.6435454e+00
  -7.9085581e-01  -8.5867507e-01
  -2.0113852e+00  -1.2553757e+00
  -1.5948029e+00  -1.6631819e+00
  -2.3491107e+00   1.5756970e-01
  -6.2755831e-01  -2.3082551e+00
  -2.1874903e+00   9.3493596e-01
  -1.8839701e-01  -1.8223400e-01
  -4.1080730e-01   2.3465158e+00
  -5.0453662e-01   1.0038860e+00
   1.6649313e-02  -2.6789208e-01
   2.2223178e+00   6.4433865e-01
   1.5361011e+00  -1.7583557e+00
  -2.3103666e+00  -4.4628629e-01
  -4.8073944e-01   9.9210027e-01
   2.0054231e+00  -1.1404674e+00
   2.3657808e-01   2.3280688e+00
   1.8288423e-01   2.3551060e+00
   2.1215806e+00   1.0884476e+00
   8.7641129e-01  -2.1942125e+00
   2.1452799e+00  -1.0670407e+00
   2.2787885e+00   6.5681759e-01
  -1.9788534e+00  -1.2032277e+00
  -1.6648604e+00  -1.7275079e+00
   9.6675023e-01  -5.4565721e-01
  -1.2893962e+00   2.0135559e+00
   6.9834555e-02   2.3610500e+00
   3.1560536e-01  -2.3570595e+00
   1.8853917e+00  -1.3999148e+00
  -1.4965836e+00  -1.7504009e+00
   8.7885410e-01  -7.9564492e-01
   2.0979819e+00   1.0012610e+00
  -2.8425990e-01   2.3410439e+00
   2.3855696e+00  -1.6472746e-01
   1.4913995e+00   1.7815650e+00
  -7.2580763e-01   2.2231493e+00
   2.1971313e+00   7.6431596e-01
   7.1146178e-01   2.2058601e+00
   6.6234563e-01   2.2697256e+00
   1.3049417e+00  -1.9011827e+00
  -1.1267937e+00  -3.5277930e-01
  -2.3365071e-01   4.7929108e-02
   9.7597840e-01   6.0001158e-01
  -6.0336587e-01  -2.2278414e+00
  -1.6718819e+00   1.6081089e+00
   1.8295706e+00   1.5493033e+00
  -7.7805187e-01  -8.7482484e-01
  -2.3355964e+00   4.5484110e-01
  -1.2176188e-01   2.3029999e+00
  -2.3093182e+00  -1.4034657e-01
  -1.1259714e+00  -2.3312231e-01
   2.3014565e+00  -2.7299343e-01
   7.7280171e-01   2.2033987e+00
   1.0803245e+00  -2.1292785e+00
   1.8636586e+00   1.4700010e+00
   5.3287866e-01  -1.0166965e+00
   2.1128283e-01  -2.2001565e-02
  -2.3273599e+00  -4.1022105e-01
   1.6766786e+00   1.6271906e+00
   2.3401503e+00   6.6144308e-02
   1.1109149e+00   3.2225447e-01
  -2.3896819e+00  -1.2448862e-01
  -2.1686963e+00   8.4720897e-01
  -1.7056362e+00  -1.5825080e+00
  -1.7691019e+00   1.5432557e+00
   1.8747104e+00   1.4287110e+00
   1.7018423e+00  -1.5516128e+00
  -9.0744162e-01  -6.3600560e-01
   1.0278148e+00  -4.3677034e-01
  -1.0541169e+00  -2.1301775e+00
   1.0396848e+00  -4.9951672e-01
   1.4183796e+00  -1.8338517e+00
  -2.1111634e-01  -1.1731071e+00
  -1.4484836e-01   1.1898581e+00
  -8.6854329e-01  -2.2153426e+00
  -1.1014605e+00   2.0607651e+00
   1.9920136e+00   1.1625672e+00
   2.3333623e+00  -4.1309543e-01
  -3.0422600e-01  -2.3078938e+00
  -1.4223288e+00   1.8694938e+00
   2.2532018e+00   4.9736260e-01
  -1.5010350e+00  -1.8166689e+00
  -1.0528442e+00   3.4544164e-01
   1.1060869e+00  -2.1104255e-01
   2.2613383e+00   7.0603595e-01
  -2.2374234e+00   6.6871983e-01
   1.4303969e+00   1.8336429e+00
  -2.3849580e+00   1.2995337e-01
   2.1692332e+00   1.0244252e+00
  -1.0204082e+00   6.2016132e-01
   1.7920052e+00   1.4849505e+00
  -1.7688827e-01  -2.2951473e+00
   1.0613482e+00   2.1317714e+00
  -1.6541058e+00  -1.6454347e+00
   2.4636210e-01   1.1094313e+00
   1.1756080e+00   2.2693258e-03
  -2.1193392e-01  -2.3197100e+00
  -2.1388222e+00   1.0423785e+00
  -2.1898886e-01   1.2667265e-01
  -8.2797521e-01  -8.1357783e-01
  -1.3739886e+00   1.9038241e+00
   4.1455769e-01  -2.2933327e+00
   2.0104763e-01   1.4375575e-01
  -1.1328942e+00  -1.1016904e-01
   9.3289102e-01  -6.0288760e-01
   1.5089304e+00  -1.7940276e+00
  -1.5743618e+00   1.7307334e+00
   1.9874546e+00  -1.1701013e+00
   2.1181133e+00  -9.2330875e-01
  -1.2822183e+00  -2.0272134e+00
  -5.3090345e-01  -2.2736828e+00
  -1.0016398e+00  -5.7289167e-01
   1.3980620e+00   1.8433258e+00
   1.7442259e+00  -1.6333357e+00
  -1.0744571e+00  -3.6469823e-01
   1.9838183e+00   1.2990584e+00
  -2.1015882e+00  -1.0900659e+00
  -9.7308526e-01  -5.9824978e-01
   7.9507362e-02   1.1385148e+00
   1.5131541e+00   1.7346201e+00
   5.4202218e-01  -1.0443173e+00
  -2.0244748e+00   1.2824973e+00
   1.8026300e+00  -1.4458501e+00
   1.0220279e+00   2.1207401e+00
   3.5777813e-04   2.8612900e-01
  -2.3246493e+00  -5.2730638e-01
  -1.9524291e+00   1.2999327e+00
   2.0111183e+00  -1.2966941e+00
  -2.5726237e-01  -2.2950106e+00
   6.6686659e-01  -2.2079798e+00
   1.8558351e+00   1.4372439e+00
   6.6391415e-01  -9.2210913e-01
   1.0037104e+00   2.0791082e+00
   1.7879743e+00  -1.5828569e+00
   8.6776634e-01  -2.1414318e+00
   2.2044130e+00  -8.0706659e-01
   1.9620732e+00  -1.3702254e+00
  -2.2587260e+00   4.9274533e-01
   9.2198717e-01   7.3130983e-01
  -2.1343660e+00  -1.0832104e+00
  -2.0299363e+00   1.1972132e+00
  -1.9591482e+00  -1.3061141e+00
   7.9977813e-01   8.8327684e-01
  -4.7399999e-01  -1.0659257e+00
   4.3056462e-01  -1.0287139e+00
  -1.6628639e-01  -1.9815637e-01
  -1.6526548e+00   1.6575553e+00
  -1.6097227e+00   1.6934212e+00
   2.3693003e+00   2.6636672e-01
  -1.3354611e+00  -1.9735250e+00
   1.5084130e+00  -1.7565099e+00
   5.4981706e-02  -2.3547699e+00
  -2.3477901e-01  -2.3359913e+00
   2.1712002e+00   1.0215339e+00
  -4.1292271e-01  -2.2885610e+00
   2.6486998e-01   2.3790504e+00
   1.4143195e+00   1.8895743e+00
   2.3679103e+00   2.3558507e-02
  -8.0819724e-01  -8.0951279e-01
  -2.3089877e+00   4.6213305e-01
   1.9727381e+00  -1.2563110e+00
   1.9330311e-01  -2.3245973e+00
  -2.2464231e+00   6.6087031e-01
  -2.2411070e+00   7.6419575e-01
   1.0820026e+00  -2.1079741e+00
  -1.8675179e+00  -1.4850396e+00
   2.2313498e+00  -7.3913393e-01
  -2.1303840e-01  -2.3807315e+00
   7.9065535e-01  -8.8265702e-01
   8.8913072e-01   6.8429164e-01
  -1.6793563e+00   1.6426451e+00
  -1.1546498e+00  -1.3945742e-01
  -8.4989892e-01  -7.3031820e-01
   2.5939226e-01  -9.7634336e-03
  -1.9769580e+00   1.3552869e+00
   1.9591583e+00  -1.2214293e+00
   6.8462877e-01  -2.2787127e+00
   1.1484036e-01  -2.2630880e-01
   1.1291997e+00   3.2840318e-01
   1.7702472e+00   1.5386083e+00
   2.1813949e+00   9.7970921e-01
  -9.0807829e-01  -6.7927241e-01
   5.5364368e-01   2.2755092e+00
  -2.1704707e+00  -8.1840789e-01
   9.3168766e-01  -6.3334991e-01
  -2.2155155e+00   8.1061789e-01
   1.0340584e+00   2.0662723e+00
   4.1847051e-01   1.1224966e+00
  -1.1017267e+00   4.6413719e-01
  -1.0221545e+00  -2.1024789e+00
   1.4466121e+00   1.8896820e+00
  -1.8920318e+00   1.3810832e+00
  -2.5333488e-01   1.1407079e+00
   2.3220520e+00   5.3824254e-01
  -8.0874701e-01   2.2490796e+00
  -2.3696201e+00   1.3210650e-01
   4.5921768e-01  -1.0913243e+00
  -1.5473156e+00   1.7214436e+00
  -2.1807719e+00   7.6282477e-01
   9.5456315e-01  -5.5475749e-01
   1.1821562e+00  -1.0533494e-01
  -2.3950857e+00  -6.8847495e-02
   4.7205622e-02   1.1365946e+00
   1.1459586e+00  -6.4315027e-02
   2.3111767e+00  -3.7658627e-01
  -2.1461890e+00   9.8526112e-01
   7.3522076e-01  -8.8332553e-01
   1.1393120e+00   2.0099590e+00
  -1.2391697e+00   2.0090785e+00
  -1.1052024e+00   2.0356342e+00
  -1.4883802e+00   1.8706824e+00
  -6.9473924e-01  -9.4891161e-01
   1.2803040e+00   2.0166761e+00
  -8.6472271e-01   8.1754811e-01
  -3.1704129e-01  -1.0708414e+00
  -1.7038377e-01  -1.8580043e-01
   1.6711621e-01   2.3334481e+00
  -2.5737998e-01   2.3546580e+00
  -2.4414091e-01   2.2884209e+00
  -2.5288828e-01  -2.3552694e+00
   5.2389723e-01   1.0308012e+00
  -1.6148531e+00   1.7499942e+00
   2.2974763e+00   6.3822351e-01
   1.1814017e+00   1.0556582e-01
  -8.8471126e-01  -2.1310516e+00
  -6.3235893e-01   1.0094234e+00
  -1.8172943e+00  -1.4339158e+00
   1.9519005e+00   1.2900239e+00
   3.3180316e-01   1.0656806e+00
  -2.0912348e+00   9.8158631e-01
  -9.3092748e-01   6.5986345e-01
   1.1026099e+00  -3.4094681e-01
  -1.1561912e+00   2.7092637e-01
  -2.3675685e+00   3.2165078e-01
   1.3486847e+00  -1.8725970e+00
   2.5143472e-01   1.2739762e-01
  -1.2535302e+00  -2.0244609e+00
   9.5490658e-01   2.1699810e+00
  -2.4405907e-01  -4.4742913e-02
   1.1752917e+00  -2.3957672e-01
  -1.5826161e+00  -1.7918166e+00
   6.2847280e-01   9.2976224e-01
   6.1522513e-01   2.3191795e+00
   7.7528107e-01   8.9972212e-01
  -2.7281748e-01   1.1446953e+00
  -2.3284771e+00   2.5619526e-01
  -8.0809858e-01   8.1728550e-01
   6.4184604e-01   9.5654178e-01
  -2.1778272e+00   9.6736045e-01
   1.3568989e+00  -1.9158572e+00
  -9.1053548e-01  -2.1942638e+00
  -1.1642159e-02  -2.6067966e-01
   2.3218271e+00  -1.4839802e-01
  -2.0631477e+00   1.1882153e+00
   1.9484474e+00   1.3546612e+00
  -4.6517478e-01  -2.3333200e+00
  -2.1402976e+00   9.1790875e-01
  -5.8841280e-01   9.8116789e-01
  -1.3083279e-01  -1.1594031e+00
  -1.9252702e+00   1.3699746e+00
   8.7983274e-01  -2.2058607e+00
   6.6999719e-01  -2.2981090e+00
  -1.8030328e+00  -1.5560346e+00
  -2.0799358e+00   9.9135775e-01
   1.0631783e+00   4.5541721e-01
   1.5617617e+00  -1.7472014e+00
  -2.0889001e+00  -1.1581839e+00
  -3.3694836e-01   1.1080307e+00
   9.4176284e-01   2.2045438e+00
  -4.9148653e-02   2.1361490e-01
   1.0700440e-01   1.1041332e+00
  -2.1321168e+00   8.6837840e-01
  -6.1661303e-01   9.9905758e-01
  -2.3236455e+00   5.1928564e-01
  -9.9878519e-01   5.8091126e-01
  -1.0776401e+00  -2.0850587e+00
   2.1902321e+00  -7.3734199e-01
  -1.4758079e+00  -1.8266863e+00
  -1.2810339e+00  -2.0038504e+00
  -9.6484694e-01   5.3816003e-01
   1.6695526e+00   1.6552631e+00
  -3.5126086e-02  -2.9317563e-01
  -6.6589618e-02   2.1009838e-01
   2.0945207e+00   1.0032554e+00
  -1.1212548e+00   2.1117659e+00
  -4.2468622e-01  -2.3116969e+00
  -6.3854111e-01   9.4105196e-01
  -1.5932273e+00  -1.7455717e+00
   1.5579930e+00   1.7807410e+00
  -6.1256211e-01  -9.6423436e-01
   1.4236115e+00   1.9226113e+00
   2.0534943e+00   1.1079203e+00
  -2.1523236e+00   8.7830907e-01
   2.3271397e-01  -7.9011956e-03
  -1.7634196e+00  -1.5709214e+00
   8.0857173e-01   7.8002378e-01
   3.5419340e-01   1.1284330e+00
   1.0720322e+00  -2.0848038e+00
  -6.7114057e-01   9.0107075e-01
   9.2752447e-01  -6.1156621e-01
   1.6061077e+00   1.7043583e+00
   1.0639102e+00  -4.8024568e-01
  -2.1923614e+00   9.4797705e-01
  -2.0881266e+00   1.0749697e+00
  -1.8337860e+00   1.4745045e+00
  -2.2410613e+00   7.2932718e-01
   2.0374349e+00  -1.1261242e+00
   1.9879506e-01   2.3435046e+00
   6.0952744e-01   2.3003074e+00
  -5.1660230e-01   1.0332660e+00
  -1.1712124e+00  -1.9830624e+00
   4.5166008e-01  -2.2783138e+00
  -9.3320157e-01   6.3681208e-01
  -2.5036443e-01   1.1134344e-01
   5.1001872e-01  -2.3250598e+00
   1.4408018e+00   1.8572373e+00
  -1.1638310e+00  -1.3520327e-02
  -1.1338487e+00  -1.9838371e-01
  -3.9183134e-02   2.1399795e-01
  -3.7603379e-01   2.3503943e+00
   6.2795962e-01   2.2164971e+00
   2.2794176e+00  -6.8631636e-01
   1.1096003e+00  -2.4189426e-01
  -2.2625638e+00   7.3273051e-01
  -6.2624672e-01  -1.0008341e+00
  -2.3042499e+00  -1.8371714e-01
  -1.1477346e+00  -2.6512217e-02
   2.2107221e+00   7.0399714e-01
   2.5519655e-01   1.1010450e+00
   1.7807582e+00   1.5203418e+00
   1.6673114e-01   2.4255131e-01
  -3.6117689e-01  -2.3185072e+00
  -1.9983184e-01   2.3085657e+00
  -1.6537664e+00   1.7382457e+00
  -2.7382191e-01   6.3046432e-02
  -2.3798380e+00   1.3125176e-01
   1.8483117e+00  -1.4066849e+00
   1.7912421e+00  -1.4874197e+00
   1.5383355e-01   1.1473138e+00
   1.3918632e+00  -1.9541913e+00
  -2.3193170e+00   1.4992724e-01
   1.3264831e-01  -2.3182907e+00
   1.8639922e+00  -1.4177131e+00
   1.7966144e+00  -1.5795870e+00
   2.3110210e+00  -1.9657587e-01
  -2.8013033e-01   1.1108757e+00
  -9.3145189e-01   7.1649120e-01
  -2.9134680e-01   2.2855420e+00
   1.1693380e+00  -2.4060457e-01
  -5.7532812e-01  -9.4702763e-01
  -1.1479536e+00  -1.5824325e-01
   8.8572927e-01   6.5810314e-01
  -1.1180871e+00   9.9932478e-02
   7.7081875e-01  -8.9413420e-01
  -1.3973172e+00  -1.9380649e+00
   1.6767725e+00   1.6075882e+00
   8.0922046e-01   8.3749724e-01
   2.2371953e+00  -6.7227572e-01
   1.1230571e+00  -2.7990146e-01
  -1.3196009e+00  -1.9667001e+00
   5.5674226e-01   2.3306470e+00
   2.0574380e-01  -1.1595076e+00
  -6.9788093e-02  -1.1380243e+00
   4.5462911e-01  -2.2748304e+00
   3.9409111e-01  -2.3533636e+00
  -2.1796606e+00   8.3883515e-01
  -1.9947694e+00  -1.1837288e+00
   2.1264842e+00   1.0094586e+00
   2.3538598e+00  -3.3661531e-01
  -9.8128894e-01   2.1229255e+00
  -1.0176557e+00   5.1902415e-01
   1.0460342e+00  -3.6976106e-01
   1.8554559e+00   1.4057603e+00
   3.1997524e-01   1.1400986e+00
   4.4054881e-01   1.0466590e+00
   2.2808328e+00   5.2704857e-01
  -9.4181961e-01   6.6246686e-01
   7.9581177e-01  -2.2553487e+00
   3.1196536e-01  -2.2880764e+00
  -1.4503432e-01   2.5277088e-01
   2.2651674e+00  -7.8948530e-01
   3.3129406e-01  -2.3573693e+00
   9.4520695e-01  -6.7516052e-01
  -1.1910816e+00   4.3985481e-02
   1.1312885e+00  -2.7034783e-01
   1.8115205e+00   1.4379953e+00
   4.7991545e-01   2.2824357e+00
   2.7812485e-01  -1.1547440e+00
  -2.2627612e+00   7.4933898e-01
  -7.3107997e-01   8.2863529e-01
  -4.4024773e-01   1.0581278e+00
   2.1343378e+00  -1.0502310e+00
  -2.1568180e+00  -1.0225877e+00
  -1.0303418e+00  -5.5820688e-01
   6.2326075e-01   9.5276289e-01
   2.3489725e+00   4.0367815e-02
   1.6366696e+00  -1.6928130e+00
   7.9519648e-01  -2.1613870e+00
  -1.0529934e+00  -4.4293074e-01
  -2.1205897e+00  -1.0886047e+00
   1.1756974e+00   2.3711554e-02
   1.4872794e+00   1.8819142e+00
   2.0008561e-01  -1.3361771e-01
  -6.4707185e-01  -8.9181388e-01
  -8.4057529e-01   2.1952212e+00
  -2.1228580e+00   9.3818843e-01
  -1.8834443e+00   1.3212885e+00
   7.8401504e-03  -2.5189355e-01
   1.2457774e-01   1.1035931e+00
   1.0306836e-01  -1.1189453e+00
   6.5656210e-01  -2.2206338e+00
   1.7762485e+00   1.4849184e+00
  -1.1143255e+00  -3.4622919e-01
  -1.7402014e+00  -1.6379112e+00
  -2.2621535e+00   6.5196298e-01
   2.3860898e-01   1.1578961e+00
   2.7547980e-01   2.3598653e+00
  -1.9214810e+00  -1.3534840e+00
  -2.2210233e+00   8.2085267e-01
   1.8272011e+00  -1.4422754e+00
  -9.0327775e-01  -7.6137314e-01
  -1.5128987e+00  -1.8165969e+00
  -2.1210520e+00   9.5392024e-01
   2.1582885e+00   9.7748954e-01
  -2.1486281e+00   1.0072370e+00
   2.2783121e+00  -5.8260101e-01
  -2.2217738e+00   6.8674042e-01
   7.4379952e-01   8.3164779e-01
  -1.9980609e+00  -1.2649009e+00
  -1.5543856e+00  -1.7014491e+00
   2.2520318e+00   6.8805224e-01
  -2.3653398e+00  -3.1960465e-01
  -1.5962326e+00  -1.7480697e+00
   1.5320724e+00  -1.7622049e+00
  -9.5421462e-01  -6.6527828e-01
  -1.0562787e+00   4.6607765e-01
   7.6697529e-01  -8.3742952e-01
  -1.3769016e+00  -1.9602336e+00
   9.9941696e-01   5.7375685e-01
   6.1711419e-01  -9.6763780e-01
   1.1305980e+00   2.0117660e+00
   6.8541958e-01  -9.6793717e-01
   2.2034125e-01   1.1494635e+00
   2.4183481e-01   2.3545799e+00
   1.0389337e-01   1.1775494e+00
   2.3771035e+00  -2.1830331e-01
  -2.2386554e+00   5.7208147e-01
   3.2200077e-01  -2.3218266e+00
  -2.2744723e+00   4.2183082e-01
  -1.5991202e+00   1.7050271e+00
   4.3137603e-01   2.2761546e+00
   2.4260785e-01  -2.3066240e+00
   1.2384668e+00   1.9403765e+00
   1.9902577e+00  -1.2965495e+00
   3.7920806e-01   2.3647342e+00
  -2.0996919e+00   1.0852229e+00
  -1.0631177e+00   3.7191472e-01
  -1.6240598e+00   1.7122003e+00
   7.7224914e-01   2.2519380e+00
  -2.0332210e-01   6.4322336e-03
  -1.0139255e+00  -5.8829404e-01
  -1.2789873e+00  -1.9735369e+00
   3.1116182e-01  -2.3308796e+00
  -8.2999303e-01   2.2268333e+00
  -1.1500167e+00   3.2036229e-01
   1.1259576e+00  -2.9798974e-01
   9.9311550e-01  -2.1656375e+00
  -6.0078855e-01  -9.4672879e-01
  -2.6558916e-01  -7.9380982e-02
  -2.0808260e-01  -1.6144398e-01
   2.2005848e+00  -6.9787891e-01
  -5.4725598e-01   2.2533988e+00
   2.3679073e+00  -1.6776813e-01
  -2.2793497e+00   6.5648334e-01
   1.1287964e+00   3.6969569e-01
  -1.0478676e+00   5.1058482e-01
   3.7856395e-01  -2.3194879e+00
   1.7615502e+00  -1.6107724e+00
  -1.1237997e-02   2.8110073e-01
   1.8508805e+00   1.4285669e+00
  -1.9839376e+00  -1.2144168e+00
  -1.0935559e+00   2.1000587e+00
   1.9938378e+00  -1.1986243e+00
   8.8313495e-01   7.1284966e-01
  -2.1126477e+00  -1.0547972e+00
   7.3054141e-01   2.2556497e+00
  -1.9902502e+00   1.2893299e+00
  -1.7467805e+00   1.5168462e+00
   1.3234762e+00  -1.9120052e+00
   4.1773826e-03  -2.4092704e-01
   2.2002362e+00  -6.8528560e-01
   1.3896949e+00  -1.8539478e+00
  -2.1955662e+00  -7.9263640e-01
  -1.8138945e-01   1.1848669e+00
   1.9671309e+00  -1.3747604e+00
  -9.4297295e-01   2.1755972e+00
   5.1626398e-01   2.2772700e+00
  -5.6815858e-01  -2.2968073e+00
  -2.3188802e+00   1.3051189e-01
  -2.2259584e+00   6.3450580e-01
   9.9474472e-01   5.0163314e-01
  -1.8649379e+00   1.3570834e+00
  -2.3098654e+00  -9.3962468e-02
  -1.4096422e-01  -1.1173016e+00
   1.8418713e+00   1.4682250e+00
  -9.8324777e-01  -2.1373529e+00
  -2.1878404e+00  -9.0687256e-01
   1.9534873e+00   1.2654343e+00
   2.2955852e+00   6.6179102e-01
  -3.1153382e-01   1.0940024e+00
   6.7759583e-01  -8.8072448e-01
  -1.0530349e-01   2.3355554e+00
  -2.3296834e+00   9.3301447e-02
   1.7635315e-01   1.0640858e-01
  -6.7512072e-01  -2.2326418e+00
  -6.6129066e-01  -2.2887874e+00
  -9.0074518e-01   2.2045919e+00
  -1.6855379e+00  -1.6630474e+00
   1.5934154e+00  -1.7313706e+00
   6.1466061e-01  -2.3157978e+00
  -2.4728013e-01  -2.2951707e+00
   6.7542168e-01  -2.2749509e+00
  -8.5508480e-01  -7.0341372e-01
  -2.1080219e-01  -1.0820312e+00
  -2.2549447e+00   6.1316663e-01
  -3.6226975e-02  -2.3981785e+00
   8.2302691e-01  -2.2127693e+00
   8.1445489e-01  -7.7041918e-01
  -7.5646812e-01   9.2689836e-01
  -1.1024640e+00   5.1797708e-02
  -2.0095886e+00   1.1268956e+00
  -9.9419011e-01   5.7308163e-01
   2.0405493e+00  -1.1937233e+00
   1.1150278e+00   8.9609018e-02
   1.1721119e+00  -2.2563739e-02
   2.2385492e+00   7.5654360e-01
   2.2092160e-01  -1.0955832e+00
  -6.0578347e-01  -2.2691008e+00
   1.0611560e+00   2.0584912e+00
   1.5972255e+00  -1.7860010e+00
  -1.6997616e+00  -1.6213911e+00
   4.5849730e-01  -2.2698089e+00
   1.4820119e+00  -1.7751527e+00
   2.4851733e-01   2.3855181e+00
  -6.5438641e-01   9.1702248e-01
  -4.3832535e-01   1.1108311e+00
  -8.1374990e-02  -2.3671402e-01
   1.4153018e-01   1.9302655e-01
   1.0180446e+00  -2.1382547e+00
  -2.1551936e+00  -8.4921658e-01
   1.9616836e-01  -1.6877619e-01
  -1.2841548e-01  -2.3623113e-01
  -1.9563253e-01  -8.2748049e-02
  -2.2264772e-01   1.9624568e-01
  -1.0796485e+00  -4.8924580e-01
  -3.2007021e-01   1.0639152e+00
   2.0441268e-01   1.1260784e+00
  -1.0025184e+00   5.1156722e-01
  -1.1804321e+00  -7.9298243e-02
  -1.1205858e+00  -1.3489623e-01
   4.1223913e-01   1.0414068e+00
   7.4417464e-01  -9.2654451e-01
   8.7846094e-01   7.0447061e-01
  -2.5236227e-01  -1.1389336e+00
  -1.3657988e-01   1.7154111e-01
  -9.4840080e-01   6.9823380e-01
   9.7832516e-01   5.2359915e-01
  -1.0748488e+00  -3.8988146e-01
  -9.1061246e-01  -6.9500248e-01
  -8.3681288e-01   7.5489187e-01
  -8.6912030e-01   7.8393818e-01
  -1.3437628e-01   1.1393037e+00
   4.2850236e-01   1.0463861e+00
  -8.4945413e-01  -7.4101900e-01
   4.0613227e-01  -1.0803432e+00
  -1.1768259e+00  -2.8495477e-02
  -8.0756915e-01  -8.3233794e-01
   1.8000031e-01  -9.4237233e-02
   1.1873672e+00   9.1919660e-02
  -2.1345416e-01  -1.1301769e+00
  -3.6141991e-01  -1.0994794e+00
   9.7109614e-01  -6.6745510e-01
  -9.9165957e-01   6.5798606e-01
  -9.7994815e-01   5.7972208e-01
  -1.2858439e-01   1.0954153e+00
   1.4526837e-03   2.9107565e-01
  -1.1972803e+00  -3.6993990e-02
   1.0599817e+00   4.8953638e-01
   3.1609890e-03   1.1538218e+00
   9.8185286e-01  -4.9856797e-01
   1.1432298e+00  -2.4178472e-01
  -6.5559170e-01  -8.9875038e-01
   1.1367858e+00  -1.1325216e-01
   3.2403742e-02  -1.1283072e+00
   1.1862033e-01   1.8750670e-01
   1.0166581e-01   1.1946136e+00
  -2.6146285e-01   1.0758920e+00
  -1.9166873e-02  -1.1115952e+00
   3.2383255e-01   1.0675979e+00
   4.8228055e-02   1.1348277e+00
  -3.5530579e-01   1.0590368e+00
   1.0889868e+00   4.4210514e-01
   6.0116486e-02   1.1722311e+00
  -3.3594671e-02   2.3286414e-01
   8.7683504e-01  -7.7548607e-01
   4.8226757e-01   1.0246701e+00
   8.7440617e-01  -7.4763104e-01
  -9.6136803e-01   5.8151370e-01
  -1.1791258e-01   2.7561421e-01
  -6.1368226e-01   9.1336436e-01
   9.8787308e-02  -1.1213634e+00
   2.5170108e-01   1.1344585e+00
  -2.3257826e-01  -7.0335758e-02
  -1.4117752e-01   1.1650257e+00
   1.0923258e+00  -1.3917896e-01
   2.6114627e-01  -7.0366569e-02
  -5.3214130e-01   1.0366272e+00
   7.0354958e-01   9.4152201e-01
   8.9013776e-01  -7.8526868e-01
  -1.2943943e-01   1.1039338e+00
  -9.0178907e-01   6.4795342e-01
  -4.7582333e-01   1.0518791e+00
   7.4930969e-01  -8.6108447e-01
  -2.2945329e-01  -1.1607300e+00
  -8.7495072e-01   7.8176055e-01
   8.0415452e-02  -1.1632065e+00
   1.0829284e-01  -1.0969496e+00
   1.1174211e+00  -8.7786090e-02
  -2.3488631e-01  -1.1010131e+00
   3.2252579e-01  -1.0652675e+00
  -6.3182864e-03   1.1014221e+00
  -5.3479695e-01  -1.0614533e+00
  -8.7494435e-01   7.0362152e-01
   1.7175095e-01   1.3441303e-01
  -1.0208019e+00  -5.0756580e-01
  -1.1312634e+00   3.6959102e-01
  -4.6024414e-01  -1.0265594e+00
   6.0164394e-01  -9.6968709e-01
   5.9080411e-01   9.5029326e-01
  -2.0379822e-01  -4.6278928e-02
   1.0662927e-01  -1.1362063e+00
  -8.0345591e-01  -7.9932067e-01
  -5.4494209e-01   1.0638666e+00
   1.1640837e+00   1.8328854e-01
  -1.0807162e+00   4.4657364e-01
  -1.1068876e+00   3.2836983e-01
  -6.2733924e-01   1.0077559e+00
   7.3558666e-02   2.6792007e-01
  -1.1351270e+00   2.2055513e-01
   2.7077579e-01  -1.1484065e+00
   2.1007373e-01  -1.8348637e-01
   4.8982289e-01   9.9624361e-01
   1.7025333e-01  -1.1418344e+00
  -1.1154829e+00   2.9133830e-01
  -5.0258476e-01   1.0513097e+00
  -1.6544717e-01  -1.9863950e-01
  -1.1068358e+00   3.3911433e-01
  -9.9921631e-01   6.2344795e-01
   5.1656311e-01  -1.0154278e+00
  -1.1643131e+00  -1.0985441e-01
   1.1779602e+00  -4.0873859e-02
   1.1440881e+00  -3.1101904e-02
  -9.7192854e-02  -1.1521498e+00
  -3.7335511e-01   1.0893205e+00
  -6.8779982e-02   1.1338858e+00
  -1.0162526e+00  -5.0083115e-01
  -2.0362292e-01   1.0153583e-01
   3.0373801e-01  -1.0732492e+00
   2.9819072e-01  -2.8186492e-02
  -1.6665069e-01   2.4204604e-01
   2.4226896e-01  -1.0809747e+00
  -2.0093269e-01  -1.0719110e-02
  -7.1872084e-02  -1.1634331e+00
  -1.7650601e-01  -2.2683114e-01
  -1.1528202e+00   1.2401451e-01
  -6.8541461e-01   9.2145841e-01
  -6.8132957e-02   2.9061992e-01
   1.1069267e+00  -9.1779082e-02
   2.3279421e-01   1.3381329e-02
  -7.6173025e-01   8.7640264e-01
  -2.3079038e-01  -1.9640324e-02
   5.6537339e-01  -1.0015895e+00
  -1.1761031e-01   1.1234956e+00
   6.4330210e-01  -9.0752500e-01
  -9.9946294e-01   4.9133482e-01
  -2.7668306e-01   2.1297900e-02
  -1.0969887e+00  -4.1244080e-01
   7.5681539e-01   8.8765537e-01
   1.1383041e+00  -2.6007838e-01
   1.5244906e-01  -2.2624236e-01
   1.2712706e-01   1.1463575e+00
  -8.9036857e-01   6.9746679e-01
  -2.0509157e-01   7.8894205e-02
  -5.8864774e-01   1.0193785e+00
  -7.5030806e-01   8.4333455e-01
   7.6521825e-01   8.7024802e-01
  -1.5705667e-01  -1.1482879e+00
   2.7663654e-01   4.5113453e-02
   6.2393398e-01  -9.7543222e-01
  -2.3088811e-01  -3.7011683e-02
   2.6747571e-01   1.1778236e-01
   1.6318822e-02   1.1176141e+00
   8.8343979e-01   6.6216985e-01
   2.1747147e-01   3.0218585e-02
  -3.5865828e-02   2.9098028e-01
   9.1607563e-02  -2.5826124e-01
   4.1471294e-04  -2.9166583e-01
  -1.7767210e-01  -1.6617510e-01
   2.7253431e-01  -6.4369234e-02
  -1.7509961e-01  -1.9942471e-01
   1.9553254e-01  -1.5929996e-01
  -2.2182327e-01  -8.3036335e-02
  -1.7630132e-01   1.8914949e-01
  -2.8432551e-01   6.5731539e-02
  -1.7245398e-03   2.7822771e-01
   1.6317071e-01   2.0707138e-01
   1.2793086e-02  -2.6824103e-01
  -2.8726029e-01  -8.3607878e-02
  -2.2076193e-01  -4.4336946e-02
   2.0458473e-01   1.7208431e-01
  -2.1338566e-01   1.9639882e-01
   5.8957441e-02  -2.0974566e-01
  -1.4255645e-01  -1.4106460e-01
   2.5126767e-01   1.5111398e-01
  -1.2921223e-01   2.1043385e-01
  -2.8408357e-01   1.3403045e-02
  -1.4543420e-01   2.1677604e-01
   1.2632556e-01  -1.7989163e-01
  -1.8585183e-01   1.0097183e-01
   7.8679360e-02  -2.1522493e-01
  -1.8529509e-01   1.1476578e-01
   1.4432979e-01  -1.6142346e-01
   1.1650167e-01   2.3436894e-01
  -1.8892345e-01   1.6504035e-01
  -5.4581724e-02  -2.9109212e-01
   8.6404469e-02   2.1178177e-01
   1.1301211e-01   2.1283519e-01
   3.6840868e-02  -2.9201474e-01
   1.3397738e-01  -1.7876499e-01
   2.8561643e-01   3.0341267e-02
  -1.4314214e-01  -2.5556791e-01
   2.0556199e-01   7.0074147e-02
  -2.2056222e-01  -1.8379191e-01
   2.7355095e-01   5.2643635e-02
   1.5301640e-01  -1.7439032e-01
  -8.4274376e-02   2.2924699e-01
   2.0952637e-01  -1.5674284e-01
  -1.9481246e-01  -1.8794220e-01
   2.3223675e-01   1.4440883e-01
   9.4793872e-02  -2.5313061e-01
  -3.8692124e-02  -2.4112368e-01
  -1.8832084e-02  -2.0499130e-01
   7.7119031e-02  -2.6472311e-01
   9.0084672e-02   1.9085970e-01
   2.1256442e-01   1.0485219e-01
   2.0088538e-02   2.6012955e-01
   2.1075382e-01   1.2458551e-01
  -4.4347695e-02   2.2890114e-01
   2.1444156e-01  -1.1198016e-01
  -1.6725585e-03  -2.2018741e-01
   1.9037308e-01   9.7871689e-02
  -2.1616233e-01  -1.0555863e-01
   8.5978228e-02  -2.6904926e-01
   2.5733396e-01  -1.5252123e-01
   2.0637600e-01   1.1297532e-01
   1.6025035e-01   1.8800017e-01
  -2.7676878e-01   7.2486104e-02
  -2.5120560e-01  -5.4218934e-04
  -2.1627326e-01   4.0101087e-02
  -1.1670598e-01   2.4465542e-01
   1.4480711e-01   1.9214383e-01
  -2.2414718e-01  -1.0966377e-02
   1.8359218e-01  -1.1756446e-01
   5.5150715e-02  -2.3109965e-01
   1.3759190e-01   1.5437721e-01
  -1.3204303e-01  -1.9057855e-01
   8.6566215e-02   2.1951589e-01
   4.9767979e-02  -1.9785462e-01
   1.8573410e-01   9.4114756e-02
  -1.5749224e-01  -2.5001869e-01
   2.1176019e-01  -2.0561712e-01
   2.4729006e-01  -1.6155599e-02
   2.0376970e-01   1.4854697e-01
   2.2424104e-01   4.0370401e-02
   2.5669936e-01  -2.4856885e-02
   3.5908783e-02  -2.9253812e-01
   2.0208271e-01   1.8839988e-02
  -1.3957225e-01   2.0870049e-01
   6.4614689e-02   2.3990999e-01
   2.2776291e-01  -1.5196145e-01
   1.3826981e-01   2.0135879e-01
  -1.6684808e-01   1.7880068e-01
  -1.6149866e-01  -1.9148035e-01
   8.4604150e-02   2.3524383e-01
   1.3408226e-01  -2.1147934e-01
  -2.5024924e-01   5.8722122e-02
  -1.6544114e-01   1.6364982e-01
   5.5813288e-02  -2.7276428e-01
  -2.3504387e-01  -6.8727592e-02
  -8.7533173e-03   2.9068762e-01
   6.7405400e-02   2.2776271e-01
  -2.8935789e-01   4.7345073e-02
   2.1766048e-01   3.1772494e-02
   2.5854540e-01   8.3222181e-02
  -2.1113887e-01  -1.8752884e-01
  -1.2926018e-01   2.2909404e-01
   1.8664015e-01  -1.5428126e-01
   1.3114078e-01   1.6556223e-01
   2.1319263e-01  -1.1687384e-01
  -1.1989332e-01  -2.6266674e-01
   2.8558519e-01  -5.6085548e-02
  -3.5844817e-02   2.3831936e-01
  -1.9781750e-01   6.8613118e-02
  -2.7579690e-01  -9.3675639e-02
  -1.1234059e-01   2.4038428e-01
  -1.7495468e-01   1.1347666e-01
   7.4197070e-02   2.2037422e-01
   2.6263954e-01   8.6271704e-02
   8.1808859e-02   2.1034200e-01
  -1.1586665e-01  -2.1649412e-01
   1.9182992e-01  -1.6514710e-01
  -2.2773622e-01  -1.5341748e-01
   2.8677384e-01   3.1745237e-02
   1.6589767e-01  -1.6006326e-01
   1.9926332e-01  -1.6163311e-01
   1.0391422e-01  -1.8319707e-01
  -2.5530863e-01  -6.0005060e-02
   2.7212267e-01   7.7660446e-02
   1.3765348e-01  -1.9899999e-01
  -1.6150020e-01  -2.0031011e-01
  -2.2321342e-01   1.1518002e-01
   1.4627882e-01  -1.6299987e-01
