   3.4205426e-01   4.8765432e-01
   2.8986094e-01   4.5779630e-01
   3.3668792e-01   8.6108942e-01
   6.5649864e-01   7.1016723e-01
   7.9699802e-01   6.3030996e-01
   6.0594262e-01   7.5036300e-01
   7.0213958e-01   8.1518781e-01
   7.2738030e-01   2.2536880e-03
   5.7597502e-01   2.8375114e-01
   3.2616548e-01   6.2291817e-01
   1.2731705e-01   3.1039831e-01
   1.6437790e-02   3.7250047e-01
   6.2947396e-01   6.9422997e-01
   1.1019628e-01   7.9071047e-01
  -6.2429268e-02   2.9625752e-01
   7.8948408e-02   2.6475872e-01
  -6.5158032e-02   6.4583141e-02
   2.3523058e-01   5.9724917e-01
   4.5396138e-01   1.9187474e-01
   3.7925427e-04   3.8496972e-01
  -4.8155317e-02   8.3594609e-01
   3.2699158e-01   7.1009396e-02
  -6.0589663e-02   8.1816856e-01
   1.5556269e-01   3.4830626e-01
  -1.1417102e-01   5.8835112e-01
   7.8878981e-01   8.8020518e-02
   7.7386580e-01   1.8740880e-01
   3.7473150e-01   7.3987462e-02
   4.5694146e-01   6.6838595e-01
   7.9514183e-01   6.3700646e-01
   4.9086529e-01   3.1688945e-01
   7.3732709e-01   3.6793979e-01
   6.6346018e-02   8.6228175e-01
   4.3730929e-01   2.5956501e-01
   2.1236049e-01   3.1448451e-01
   4.0037531e-01   9.6792219e-01
   6.4511478e-01   9.3956162e-01
   1.4272553e-01   9.6562468e-01
   6.1522277e-01   8.1707669e-01
   5.6140505e-01   1.8603073e-01
   4.7650397e-01   2.0177061e-01
   7.0894173e-01   7.8645922e-01
   6.8075165e-01   5.6267845e-01
   3.7910859e-01   4.1598547e-01
   4.7554103e-01   9.6197329e-01
   2.3045081e-02   2.8286839e-01
   2.3459989e-02   1.8507325e-01
   4.7167225e-01   2.1314414e-02
   8.9417850e-02   8.9967231e-01
   1.0226219e-01   1.3951061e-01
  -7.6111111e-01   4.2592593e-01
  -1.2088838e+00   7.1422376e-01
  -6.1577996e-01   6.1619285e-01
  -2.8076281e-01  -5.3934031e-02
  -1.2520727e+00   3.5538124e-01
  -7.5601203e-01   7.9067781e-01
  -6.2291372e-01   7.2849943e-01
  -7.4196785e-01   3.6881383e-02
  -7.3938486e-01   8.8146651e-01
  -7.8543111e-01   5.7796397e-01
  -8.0071832e-01   2.7541767e-01
  -4.8512990e-01   7.2876996e-01
  -1.0982175e+00   7.8978271e-01
  -8.4639865e-01   8.0501839e-04
  -3.2779734e-01   2.2071785e-01
  -5.1040811e-01   1.8814091e-01
  -4.5543264e-01   6.2474699e-01
  -8.2542249e-01   6.9622482e-01
  -9.7216751e-01   6.1438316e-01
  -2.8833479e-01   3.7884244e-01
  -2.9284459e-01   8.6988705e-01
  -8.0925926e-01   6.4991856e-01
  -5.7413116e-01   5.9422722e-01
  -4.3265746e-01   6.5999855e-01
  -5.8893881e-01   3.9619584e-01
  -5.9986522e-01   8.1938853e-01
  -8.1666484e-01   2.3772281e-01
  -9.1946611e-01   4.3179989e-01
  -9.1411049e-01   7.1201608e-01
  -3.2858306e-01   5.7247220e-01
  -4.8386993e-01   4.7337508e-01
  -5.4282232e-01  -5.4977170e-02
  -4.8414594e-01   5.7221481e-01
  -8.4434111e-01   1.6064571e-01
  -5.7946558e-01   7.3078781e-01
  -4.0978593e-01   8.0243561e-01
  -8.3840829e-01   5.1095904e-01
  -5.8675408e-01   1.8507587e-01
  -3.7698955e-01   8.3302357e-01
  -1.0272423e+00   6.6186976e-01
  -3.4055062e-01   7.1347144e-01
  -2.7425441e-01   6.3927772e-01
  -1.1079218e+00   1.1457464e-01
  -1.1592936e+00   2.5317843e-01
  -3.4083677e-01   3.0568669e-01
  -3.3194688e-01   7.8509942e-01
  -9.3847332e-01   2.9363475e-01
  -9.0062200e-01  -6.6959074e-02
  -1.2183909e+00   6.8452901e-01
  -3.5900433e-01   5.7415294e-01
   1.4481481e+00   4.9382716e-01
   1.5317432e+00   5.2973349e-01
   1.1843185e+00   7.0299527e-01
   1.6069604e+00   5.7217025e-01
   1.3744870e+00   7.2195147e-01
   1.5394821e+00   4.2934956e-02
   1.8243476e+00   1.2382815e-02
   1.6272001e+00   6.3672827e-02
   1.9064508e+00   5.6442230e-01
   1.4329346e+00   2.4968532e-01
   9.6262548e-01   2.7668979e-01
   1.4879682e+00   8.2327237e-01
   1.5818305e+00   4.6812351e-01
   1.0018050e+00   5.2696679e-01
   1.6695515e+00   7.7535657e-01
   1.3228240e+00   9.5078212e-01
   1.8103424e+00   7.8616746e-01
   9.8664387e-01   9.7636935e-01
   1.1102823e+00   1.5435989e-01
   1.7571747e+00   6.3130184e-01
   1.8085136e+00   6.9700235e-01
   1.6336550e+00   2.9642854e-01
   1.6218745e+00   9.8649152e-01
   1.1691717e+00   5.1417479e-01
   1.4227549e+00   4.0512559e-01
   9.8908250e-01   2.3099068e-01
   1.6644833e+00   6.6628490e-01
   1.9071801e+00   3.1674423e-01
   1.4804494e+00   5.6249007e-01
   1.6370941e+00   5.8554866e-02
   1.2687570e+00   4.3889891e-01
   1.7092754e+00   1.6273679e-01
   9.6338439e-01   7.9056475e-01
   1.1926008e+00   3.0653552e-01
   1.9117513e+00   4.2032406e-01
   1.1024013e+00   2.6490699e-01
   1.5894072e+00   1.2248812e-01
   9.7121131e-01   8.4689235e-01
   9.7020378e-01   6.7243488e-01
   1.1790338e+00   9.2469063e-01
   1.7397311e+00   3.8130480e-02
   1.1983115e+00   4.8334495e-01
   1.6855282e+00   6.1927921e-01
   1.9447272e+00   9.1699411e-01
   1.6360364e+00   7.4287185e-01
   1.5394099e+00   2.2008878e-01
   9.5281022e-01   7.2637994e-01
   1.4201086e+00   8.1603922e-01
   1.0020245e+00   9.6747164e-01
   1.3643929e+00   1.6879659e-01
  -7.7777778e-01   4.4444444e-01
  -3.1561998e-01   4.6544779e-01
  -3.3977311e-01   4.5603653e-01
  -9.4615639e-01   5.9247091e-01
  -9.5767583e-01   1.7693288e-01
  -1.1792745e+00   7.2720895e-01
  -4.5047547e-01   9.3483587e-01
  -7.4667857e-01   2.0678550e-01
  -1.0724075e+00   6.3913818e-01
  -5.2276561e-01   4.9083271e-01
  -9.9479429e-01   7.6468747e-01
  -4.6803184e-01   9.0154849e-01
  -7.4875974e-01  -3.4948064e-02
  -9.5210533e-01   5.7378909e-01
  -1.0690821e+00   1.0275895e-02
  -1.1531503e+00   1.2830307e-03
  -9.1937167e-01   5.4108302e-01
  -2.7920310e-01  -2.1602183e-02
  -3.0154335e-01   1.1631569e-01
  -8.0695757e-01   6.6496739e-01
  -7.4814815e-01   4.4444444e-01
  -5.0699985e-01   7.4505374e-02
  -2.8136340e-01   7.9678485e-01
  -9.7741734e-01   1.5050719e-02
  -2.9721390e-01   1.8294775e-01
  -6.9706155e-01   5.9971906e-01
  -9.6928104e-01   3.6259900e-01
  -7.0576850e-01   2.1019756e-01
  -1.2036914e+00   2.3736511e-01
  -9.2440455e-01   7.2404950e-01
  -1.1231015e+00   2.8330742e-01
  -2.9296849e-01   4.6214646e-01
  -6.4071883e-01   1.6957572e-01
  -7.2314357e-01   3.4160430e-01
  -1.0177221e+00   1.1733360e-01
  -6.4258666e-01   2.7917460e-01
  -1.0277187e+00   1.7870776e-01
  -1.1468758e+00   3.0029441e-01
  -5.3668948e-01   1.2233231e-02
  -1.2369981e+00   8.6483982e-01
  -7.3333333e-01   5.1851852e-01
  -5.6450407e-01   1.7428116e-01
  -2.6932161e-01   9.7288964e-01
  -1.1176367e+00   5.9331270e-01
  -5.1333666e-01   5.7427639e-01
  -3.8663121e-01   1.7909285e-01
  -1.0827773e+00   9.8383517e-01
  -1.0787128e+00   4.2808168e-01
  -7.4405659e-01   9.0910328e-02
  -1.2230997e+00   7.3849888e-01
  -4.6908234e-01   9.6099696e-01
  -5.2526177e-01   9.2784050e-01
  -8.6719990e-01   5.2972046e-01
  -9.4445067e-01   1.8644524e-01
  -9.7239010e-01   6.3709766e-01
  -6.3237326e-01   5.1351901e-01
  -9.4596960e-01   2.7199265e-01
  -8.5152072e-01   1.7017011e-01
  -2.9870504e-01   1.9461100e-01
  -4.2075263e-01   3.5205097e-01
  -4.1555556e+00  -8.3456790e+00
  -3.7644294e+00  -8.6183342e+00
  -3.7947761e+00  -8.1529851e+00
  -4.1873263e+00  -8.4888985e+00
  -3.5843243e+00  -8.0451726e+00
  -4.2328679e+00  -8.5435055e+00
  -3.8404896e+00  -7.7723326e+00
  -3.8244702e+00  -7.8094119e+00
  -3.9430801e+00  -7.8795973e+00
  -3.8875714e+00  -8.4828303e+00
  -4.1188760e+00  -7.7907784e+00
  -3.7906149e+00  -8.4501231e+00
  -4.2546814e+00  -8.0076510e+00
  -4.2261448e+00  -7.6879026e+00
  -3.7693664e+00  -8.4765667e+00
  -4.0214046e+00  -8.0699803e+00
  -3.6567726e+00  -8.6312104e+00
  -3.6405024e+00  -8.6302498e+00
  -3.5087351e+00  -8.4455778e+00
  -4.1991606e+00  -7.6652457e+00
  -3.5775941e+00  -8.0267490e+00
  -3.3948673e+00  -8.2706348e+00
  -4.1738943e+00  -7.8928329e+00
  -4.1901299e+00  -8.1392632e+00
  -4.2139943e+00  -8.5977699e+00
  -3.4163176e+00  -8.5337541e+00
  -3.3982791e+00  -8.1363132e+00
  -4.1261343e+00  -7.9029386e+00
  -3.6169563e+00  -8.1858490e+00
  -4.0939470e+00  -8.5606250e+00
  -3.4823993e+00  -8.5984085e+00
  -3.9482705e+00  -7.7833847e+00
  -3.3176134e+00  -8.2177086e+00
  -4.2090984e+00  -8.2972642e+00
  -3.5491053e+00  -7.8043687e+00
  -3.6111299e+00  -7.9879057e+00
  -3.2996381e+00  -8.0999799e+00
  -3.8089568e+00  -8.5017652e+00
  -3.6609256e+00  -7.7921764e+00
  -4.2075904e+00  -7.8683051e+00
  -3.3470980e+00  -8.2139997e+00
  -3.9613348e+00  -7.7249870e+00
  -4.0562954e+00  -8.4278238e+00
  -3.5196844e+00  -7.9369783e+00
  -4.1029380e+00  -8.2105705e+00
  -3.9352722e+00  -8.5042866e+00
  -3.5651469e+00  -8.6418518e+00
  -3.3697011e+00  -8.3726338e+00
  -3.9554865e+00  -8.1940133e+00
  -3.9320865e+00  -7.9896522e+00
  -3.4036741e+00  -8.0279019e+00
  -3.5753404e+00  -8.1378047e+00
  -2.9216418e+00  -8.2649254e+00
  -3.0173694e+00  -8.2283182e+00
  -3.3216705e+00  -8.4131777e+00
  -2.6413902e+00  -8.6828550e+00
  -2.7537307e+00  -8.1785509e+00
  -3.0430275e+00  -8.2013136e+00
  -3.2871481e+00  -7.8194351e+00
  -3.3496718e+00  -8.3263771e+00
  -2.4702100e+00  -8.3334782e+00
  -3.4170181e+00  -7.9416163e+00
  -2.5266535e+00  -8.6734238e+00
  -2.5297900e+00  -8.5154182e+00
  -3.4034951e+00  -8.6250664e+00
  -3.3463158e+00  -8.5728160e+00
  -3.0221832e+00  -7.8374238e+00
  -2.5697267e+00  -8.2787405e+00
  -3.3539988e+00  -8.6754253e+00
  -3.0204814e+00  -7.8161339e+00
  -2.5242700e+00  -8.6640485e+00
  -3.2928575e+00  -8.2800451e+00
  -2.9913827e+00  -7.8340583e+00
  -2.9194010e+00  -8.2808935e+00
  -2.8412646e+00  -8.4651512e+00
  -2.9216386e+00  -8.0447384e+00
  -2.7079918e+00  -7.7885343e+00
  -2.8903340e+00  -8.7053410e+00
  -2.9802836e+00  -8.1477456e+00
  -2.6654171e+00  -8.2696081e+00
  -2.7710675e+00  -8.5954295e+00
  -2.9761672e+00  -8.3333380e+00
  -3.0870683e+00  -8.0509565e+00
  -2.6936196e+00  -8.1511487e+00
  -3.3444556e+00  -8.3856007e+00
  -2.6810012e+00  -8.1940720e+00
  -2.6894576e+00  -8.6132367e+00
  -2.7426752e+00  -8.5944218e+00
  -2.4712824e+00  -7.8031845e+00
  -2.8804453e+00  -8.0134198e+00
  -3.1212237e+00  -8.1490800e+00
  -2.6919537e+00  -8.4657197e+00
  -2.7901142e+00  -8.0942152e+00
  -2.7805039e+00  -8.4054574e+00
  -3.0515396e+00  -8.2018346e+00
  -2.7659892e+00  -8.0854681e+00
  -2.8897449e+00  -8.2198631e+00
  -2.5841784e+00  -7.8232258e+00
  -2.4983608e+00  -8.1996608e+00
  -3.2271253e+00  -8.6355835e+00
  -2.8899705e+00  -8.2969818e+00
  -2.5484065e+00  -7.8382096e+00
  -1.9141791e+00  -8.2649254e+00
  -2.2203566e+00  -8.0761790e+00
  -1.5243179e+00  -7.9988187e+00
  -1.8039121e+00  -8.0661504e+00
  -1.5582505e+00  -8.0120061e+00
  -2.2317065e+00  -8.5396810e+00
  -2.1261880e+00  -8.4384230e+00
  -1.6959901e+00  -8.1555148e+00
  -1.4829472e+00  -8.1725995e+00
  -2.3290882e+00  -7.8489920e+00
  -1.7785935e+00  -8.7116598e+00
  -1.8531890e+00  -8.0228417e+00
  -2.0358969e+00  -8.0831863e+00
  -2.3325482e+00  -8.7015757e+00
  -1.5667144e+00  -8.6293049e+00
  -1.5312618e+00  -8.1130552e+00
  -1.4267288e+00  -8.2504185e+00
  -1.6694965e+00  -8.6592705e+00
  -2.0259309e+00  -8.1690727e+00
  -2.3554353e+00  -8.4428740e+00
  -1.4718242e+00  -8.3092177e+00
  -2.1234000e+00  -8.6651058e+00
  -2.4017206e+00  -8.5967021e+00
  -2.2658967e+00  -8.3187813e+00
  -1.9543468e+00  -8.5625711e+00
  -1.7595725e+00  -8.4173088e+00
  -1.5544886e+00  -8.5069983e+00
  -2.0307205e+00  -8.1227659e+00
  -1.5505953e+00  -8.1185060e+00
  -2.2193556e+00  -8.0764779e+00
  -1.5733629e+00  -8.2980413e+00
  -1.7009297e+00  -8.0556606e+00
  -1.4832133e+00  -8.6260359e+00
  -1.8620208e+00  -8.2046365e+00
  -2.0991103e+00  -8.1051626e+00
  -1.4916621e+00  -8.4523176e+00
  -1.9617088e+00  -8.4784279e+00
  -2.3829471e+00  -8.3776898e+00
  -1.8220408e+00  -8.2999159e+00
  -2.3079612e+00  -8.0209628e+00
  -2.1604754e+00  -8.1449593e+00
  -2.2258094e+00  -8.4272296e+00
  -1.5123088e+00  -8.1587882e+00
  -1.5520843e+00  -8.5674753e+00
  -1.4566605e+00  -8.7482915e+00
  -1.5051407e+00  -7.9063184e+00
  -2.1368572e+00  -8.4547750e+00
  -1.4945256e+00  -8.5464091e+00
  -1.5910063e+00  -8.5538896e+00
  -2.4015032e+00  -8.6770063e+00
  -9.0671642e-01  -8.1529851e+00
  -7.5005698e-01  -8.3396458e+00
  -8.9524080e-01  -8.1629347e+00
  -1.1189269e+00  -8.2068660e+00
  -1.3605753e+00  -8.1906104e+00
  -1.2320291e+00  -8.5367077e+00
  -1.0979438e+00  -8.0424797e+00
  -4.6733031e-01  -8.3294303e+00
  -6.6592623e-01  -8.2420399e+00
  -9.6960125e-01  -8.4422812e+00
  -1.3737941e+00  -7.9708528e+00
  -9.3908616e-01  -8.4055836e+00
  -9.8602923e-01  -7.6550323e+00
  -9.4522126e-01  -7.9725878e+00
  -5.4545061e-01  -8.1493540e+00
  -1.3426712e+00  -8.5854989e+00
  -7.7689319e-01  -7.8193793e+00
  -1.2460203e+00  -7.8596753e+00
  -8.3178150e-01  -8.6431487e+00
  -1.1880340e+00  -7.9436227e+00
  -7.5223001e-01  -8.2716258e+00
  -9.5066875e-01  -7.9023749e+00
  -1.3774628e+00  -8.5214281e+00
  -1.1411871e+00  -7.9624625e+00
  -1.2471419e+00  -8.1786679e+00
  -1.1652179e+00  -7.6988900e+00
  -9.5182401e-01  -8.2866707e+00
  -4.6863512e-01  -8.0085799e+00
  -5.3788181e-01  -8.5641578e+00
  -1.0309048e+00  -8.5266416e+00
  -1.2271048e+00  -8.1502707e+00
  -1.1815233e+00  -8.5617004e+00
  -7.0180139e-01  -8.3654635e+00
  -1.2970025e+00  -8.1792763e+00
  -6.3878665e-01  -7.8949104e+00
  -5.9331306e-01  -8.4077669e+00
  -7.6287895e-01  -8.5819339e+00
  -1.2787818e+00  -8.6010954e+00
  -5.9594956e-01  -8.4875172e+00
  -8.0753643e-01  -8.3745791e+00
  -1.0116842e+00  -8.1870624e+00
  -6.9268517e-01  -8.3358703e+00
  -1.3515217e+00  -7.7985703e+00
  -1.0635409e+00  -8.2421435e+00
  -5.0032282e-01  -8.0116546e+00
  -4.5105733e-01  -8.3240180e+00
  -9.4646887e-01  -8.3147106e+00
  -5.6943096e-01  -7.8290732e+00
  -9.7393583e-01  -8.2670168e+00
  -1.1587955e+00  -7.9114121e+00
   1.0074627e-01  -8.1529851e+00
   9.1771847e-03  -8.0328477e+00
  -2.9764871e-01  -8.5824841e+00
  -9.2114608e-02  -8.0654000e+00
  -3.3389674e-01  -8.0794023e+00
   4.2082330e-01  -8.3796085e+00
  -1.5361503e-02  -7.7409062e+00
   1.8978760e-01  -7.8511948e+00
   4.3527103e-01  -7.9021860e+00
  -1.1047002e-01  -7.7597451e+00
   4.2383674e-01  -7.9243032e+00
  -3.8411682e-01  -8.4874783e+00
   3.2628672e-01  -8.4471124e+00
  -5.7760072e-02  -7.9134421e+00
   2.6982346e-01  -7.8299358e+00
  -3.3768199e-02  -7.9437908e+00
   3.8038582e-01  -7.9851787e+00
  -1.9503465e-01  -8.0595164e+00
   4.5749226e-01  -8.3116459e+00
  -2.1580170e-01  -7.7072623e+00
   2.2368065e-01  -8.0202672e+00
   3.2439570e-01  -8.1043767e+00
   5.7825151e-01  -7.9745151e+00
   1.0761418e-01  -7.8276815e+00
   1.8813960e-01  -8.3989092e+00
   6.8812703e-02  -7.9457943e+00
   5.1797441e-01  -8.4467081e+00
   1.7592153e-01  -7.9839165e+00
   2.3022326e-01  -8.0828073e+00
  -1.6561672e-01  -7.8796536e+00
   5.9392310e-01  -7.9237079e+00
  -3.5825119e-01  -8.4377183e+00
   4.2776704e-02  -8.3531572e+00
  -4.9189573e-02  -8.4987958e+00
  -3.1325470e-01  -7.8622409e+00
  -1.5518825e-01  -7.9611905e+00
  -1.0741585e-01  -8.3835824e+00
   3.9402226e-01  -8.1400263e+00
   5.6015012e-01  -8.5789808e+00
   4.0494484e-01  -8.2156332e+00
  -2.4702221e-01  -8.5013935e+00
  -1.5039211e-01  -7.6672498e+00
  -2.9873241e-01  -7.6859431e+00
  -2.9083226e-01  -8.2823006e+00
  -2.8194023e-01  -8.2536067e+00
  -1.0058529e-01  -7.7471307e+00
   2.4287510e-01  -8.5748449e+00
  -2.6042690e-01  -8.6185122e+00
   5.3037236e-01  -7.8871482e+00
   1.8602537e-02  -7.7935034e+00
  -3.4589552e+00   5.7835821e-01
  -3.1428803e+00   2.7261176e-01
  -3.0413158e+00   6.6826235e-01
  -3.9362864e+00   9.1379478e-01
  -3.1321964e+00   4.9175274e-01
  -3.4060102e+00   1.4797677e-01
  -3.4164841e+00   4.9867377e-01
  -3.1180507e+00   3.6173919e-01
  -3.8163680e+00   5.6468871e-01
  -3.2034757e+00   9.0187995e-01
  -3.7272350e+00   2.4354656e-01
  -3.7312198e+00   5.4990076e-01
  -3.4907259e+00   4.2652427e-01
  -3.6751684e+00   6.8282073e-01
  -3.7369548e+00   8.6470623e-01
  -3.2873266e+00   3.4122474e-01
  -3.2371849e+00   3.5487150e-01
  -3.4421763e+00   7.8189345e-01
  -3.0219234e+00   9.8063215e-01
  -3.5440107e+00   7.5442947e-01
  -3.8581094e+00   1.0262063e+00
  -3.8790978e+00   1.0321635e+00
  -3.8631006e+00   9.8764000e-01
  -3.1585415e+00   6.6893440e-01
  -3.0854483e+00   6.3951730e-01
  -3.2773810e+00   3.4552697e-01
  -3.6844834e+00   7.8142734e-01
  -3.3995689e+00   9.3199250e-02
  -3.3794059e+00   2.1631810e-01
  -3.4315417e+00   2.3513017e-01
  -3.3082867e+00   2.0222513e-01
  -3.4366319e+00   5.7693323e-01
  -3.7415823e+00   1.0730189e+00
  -3.6341676e+00   5.4600638e-01
  -3.8608236e+00   4.4478089e-01
  -3.2129338e+00   2.3349467e-01
  -3.1193839e+00   7.9570855e-01
  -3.6200305e+00   1.2773708e-01
  -3.9454530e+00   3.8978480e-01
  -3.5311008e+00   8.6021015e-01
  -3.6347952e+00   4.6532337e-01
  -3.4016308e+00   6.2497140e-01
  -3.1867307e+00   9.9719307e-01
  -3.8751296e+00   6.9624585e-01
  -3.4730358e+00   7.4062025e-01
  -3.3645134e+00   5.5897347e-01
  -3.3777008e+00   9.1719872e-01
  -3.6419313e+00   1.0710435e+00
  -3.3054126e+00   2.8951046e-01
  -3.6458751e+00   2.8784431e-01
  -3.4589552e+00  -9.8880597e-01
  -3.0887879e+00  -7.1423654e-01
  -3.9217013e+00  -6.2942278e-01
  -3.8057211e+00  -1.3097824e+00
  -3.3744838e+00  -4.9979328e-01
  -3.2964766e+00  -5.3313821e-01
  -3.1779418e+00  -9.3640822e-01
  -3.0693048e+00  -1.4739068e+00
  -3.6129067e+00  -9.7891328e-01
  -3.8117473e+00  -1.2350546e+00
  -3.2024156e+00  -9.6587761e-01
  -3.3492719e+00  -8.5024661e-01
  -3.1653575e+00  -7.9750597e-01
  -3.1093639e+00  -6.3137674e-01
  -3.7623787e+00  -1.1395827e+00
  -3.8249086e+00  -1.4303713e+00
  -3.1596603e+00  -6.9371417e-01
  -3.1648672e+00  -6.5498594e-01
  -3.5718381e+00  -5.5692935e-01
  -3.4146349e+00  -1.0682910e+00
  -3.2158937e+00  -1.4356971e+00
  -3.7162611e+00  -1.4582692e+00
  -3.8530003e+00  -7.0272984e-01
  -3.5543944e+00  -8.1603055e-01
  -3.4772551e+00  -9.7697933e-01
  -3.9236734e+00  -1.3339086e+00
  -3.4466547e+00  -1.1495233e+00
  -3.2429124e+00  -1.4492609e+00
  -3.2894745e+00  -7.6467118e-01
  -3.0919753e+00  -1.1357131e+00
  -3.8959014e+00  -1.0860075e+00
  -3.9110701e+00  -1.1201146e+00
  -3.1725633e+00  -1.4547966e+00
  -3.6727629e+00  -1.1677508e+00
  -3.6184914e+00  -6.5536398e-01
  -3.8411897e+00  -9.4365438e-01
  -3.5510865e+00  -1.1961082e+00
  -3.8617189e+00  -5.4586579e-01
  -3.7530522e+00  -5.9477004e-01
  -3.9407939e+00  -5.8599908e-01
  -3.7690522e+00  -1.1131806e+00
  -3.0289388e+00  -7.1331593e-01
  -3.1560132e+00  -1.2379461e+00
  -3.6395929e+00  -7.3292353e-01
  -3.2434778e+00  -1.3698518e+00
  -3.8931081e+00  -8.9584845e-01
  -3.2551981e+00  -1.0116720e+00
  -3.5589322e+00  -9.6971392e-01
  -3.8677252e+00  -1.0025715e+00
  -3.9576977e+00  -1.4671005e+00
  -3.4589552e+00  -2.0522388e-01
  -3.0059115e+00  -5.9293452e-01
  -3.0241473e+00   2.7867693e-01
  -3.8832417e+00  -2.8797433e-01
  -2.9862658e+00  -6.0566757e-02
  -3.5104306e+00   2.8318621e-01
  -2.9967046e+00   3.0107158e-02
  -3.3536362e+00  -6.5537048e-01
  -3.5845089e+00  -1.0559321e-01
  -3.1366111e+00  -1.8922010e-01
  -3.3084323e+00   1.5352452e-01
  -3.7256803e+00  -6.0134333e-01
  -3.5685882e+00   1.6939444e-01
  -3.7836241e+00  -5.1927079e-01
  -3.8888092e+00   1.7728228e-01
  -3.6660229e+00  -3.2027475e-01
  -3.8142287e+00  -6.2875762e-01
  -3.1063452e+00   5.7049526e-02
  -3.2028128e+00  -8.7111090e-02
  -3.2709142e+00   4.6318271e-02
  -3.8204125e+00   6.7681614e-02
  -3.9556680e+00   2.4443487e-01
  -3.6139605e+00  -9.6585519e-02
  -3.5369799e+00   2.8184691e-01
  -3.9274550e+00   7.7268962e-02
  -2.9645601e+00   2.5064670e-01
  -3.3805730e+00   2.1392928e-01
  -3.6039153e+00  -8.4036942e-02
  -3.5653277e+00   3.1064888e-02
  -3.7684384e+00   2.7618525e-03
  -3.0135895e+00  -5.3445402e-01
  -3.8661890e+00  -2.7305573e-01
  -3.1730998e+00  -1.0285142e-01
  -3.8534434e+00  -4.2413542e-01
  -2.9901713e+00  -1.2594310e-01
  -3.3387451e+00   1.2701882e-01
  -3.7603480e+00  -6.0377683e-01
  -3.2333212e+00   3.3973694e-02
  -3.7050821e+00  -3.6879511e-01
  -3.9460411e+00  -5.6388168e-01
  -3.9243558e+00  -2.3393357e-02
  -3.8469669e+00  -6.9174093e-01
  -3.7133996e+00  -1.1410449e-01
  -3.1024982e+00  -3.7138379e-01
  -3.8071887e+00  -4.7759588e-01
  -3.5295891e+00  -1.9920723e-01
  -3.0142450e+00   2.5715239e-01
  -3.0196111e+00  -5.1278714e-01
  -3.7861653e+00  -4.8447801e-01
  -3.3631758e+00  -4.9488679e-01
  -1.5783582e+00  -4.3470149e+00
  -1.5780770e+00  -3.8829913e+00
  -1.1689730e+00  -3.9895846e+00
  -1.9305868e+00  -4.2805602e+00
  -1.9753749e+00  -4.4049600e+00
  -1.6854571e+00  -4.6059510e+00
  -1.7186515e+00  -4.1653867e+00
  -1.9999400e+00  -4.0030365e+00
  -1.5139435e+00  -4.4634632e+00
  -2.0443838e+00  -4.1761938e+00
  -1.9332174e+00  -4.3942230e+00
  -1.9492052e+00  -4.6374227e+00
  -1.2916722e+00  -4.0445130e+00
  -1.1237383e+00  -4.1718063e+00
  -1.1582996e+00  -4.0749041e+00
  -1.5406705e+00  -4.6567191e+00
  -1.2118378e+00  -4.7059640e+00
  -1.2119947e+00  -4.5594242e+00
  -1.2972613e+00  -4.7371833e+00
  -1.3618854e+00  -4.6124676e+00
  -1.6335805e+00  -3.9916746e+00
  -1.8560640e+00  -4.8282437e+00
  -1.7535159e+00  -4.8081078e+00
  -1.7441460e+00  -4.7729667e+00
  -1.8335590e+00  -4.3567441e+00
  -1.3580031e+00  -4.3922312e+00
  -1.7658283e+00  -4.4499877e+00
  -1.3512242e+00  -4.7602601e+00
  -1.9117073e+00  -4.5349922e+00
  -1.8238069e+00  -4.2002413e+00
  -1.0960475e+00  -4.4024299e+00
  -1.1166307e+00  -4.3060197e+00
  -1.8432885e+00  -4.3225105e+00
  -1.3148989e+00  -4.4291595e+00
  -1.6466340e+00  -4.6118021e+00
  -1.4799050e+00  -4.2166194e+00
  -1.8899337e+00  -4.4811863e+00
  -1.1619734e+00  -4.6548424e+00
  -1.8911245e+00  -4.5609938e+00
  -1.3088171e+00  -4.7199962e+00
  -1.5075546e+00  -4.0422465e+00
  -1.4348241e+00  -4.6355883e+00
  -1.5037625e+00  -4.8333513e+00
  -1.2595046e+00  -4.1242625e+00
  -1.9000863e+00  -4.4912045e+00
  -2.0297857e+00  -4.5786972e+00
  -1.2411594e+00  -4.8198624e+00
  -1.7335541e+00  -3.9665416e+00
  -2.0578152e+00  -4.5784914e+00
  -1.8830237e+00  -4.6920364e+00
  -1.1753731e+00  -3.8992537e+00
  -1.0340973e+00  -3.8882497e+00
  -9.2871121e-01  -4.1872813e+00
  -1.2420160e+00  -3.2706147e+00
  -1.5855363e+00  -4.5297973e+00
  -1.6995015e+00  -4.7171301e+00
  -1.8273010e+00  -3.9728070e+00
  -6.4121821e-01  -4.5619931e+00
  -7.4408554e-01  -4.2440471e+00
  -7.1613712e-01  -3.9286476e+00
  -9.4009400e-01  -3.2016751e+00
  -1.3341932e+00  -3.3360334e+00
  -1.8150156e+00  -4.7518635e+00
  -6.1365203e-01  -3.4349705e+00
  -1.6017022e+00  -4.1267756e+00
  -1.5663886e+00  -4.0760602e+00
  -2.0219814e+00  -4.8939156e+00
  -2.0855357e+00  -3.7407346e+00
  -1.0545836e+00  -3.4861632e+00
  -4.2441333e-01  -4.0050952e+00
  -6.3384184e-01  -3.7422789e+00
  -1.4727116e+00  -2.9919212e+00
  -2.3048128e-01  -2.9428882e+00
  -9.1396535e-01  -4.2272032e+00
  -1.0411530e+00  -3.5084339e+00
  -1.0682810e+00  -4.3405194e+00
  -5.1842152e-01  -3.6229891e+00
  -1.1011538e+00  -4.5474941e+00
  -1.5892616e+00  -3.9924630e+00
  -1.8998247e+00  -4.3012144e+00
  -1.8428988e+00  -4.4078866e+00
  -8.3409640e-01  -4.5101711e+00
  -1.6601986e+00  -4.2827246e+00
  -2.0193685e+00  -2.9792026e+00
  -1.8507412e+00  -3.2266889e+00
  -3.2779793e-01  -3.4179258e+00
  -1.9322289e+00  -4.2907203e+00
  -1.7750070e+00  -4.3230928e+00
  -1.6895690e+00  -2.9931947e+00
  -1.5118760e+00  -4.7731198e+00
  -6.3841240e-01  -3.8335271e+00
  -1.9664349e-01  -4.8668794e+00
  -3.7688006e-01  -3.0265666e+00
  -3.2420371e-01  -4.5949384e+00
  -1.4940933e+00  -3.6277476e+00
  -1.2271616e+00  -3.2105601e+00
  -1.8028161e+00  -4.6468998e+00
  -1.3691435e+00  -3.9948071e+00
  -7.7028517e-01  -3.3444888e+00
  -1.5827246e+00  -3.1835240e+00
