   9.2492172e-01   4.2573563e-01
  -8.0845559e-01   7.6896249e-01
   4.9044663e-01   1.0493363e+00
   8.3582038e-01  -8.0098761e-01
   1.0331837e+00  -4.4822988e-01
   3.6024854e-01  -1.3262652e-01
  -9.8912560e-01   4.0214565e-01
  -1.0676251e+00   2.6961339e-02
  -1.0045303e+00   4.1802816e-01
  -1.1352551e+00  -1.9966897e-01
   2.6095783e-01   1.1383041e+00
  -3.1304429e-01  -1.0794919e+00
  -2.6373200e-01  -1.8654875e-02
  -9.5076785e-01   4.1737515e-01
  -1.9114995e-01  -1.1694972e-01
   9.0147713e-03   1.1950949e+00
   1.0656327e+00  -1.8649359e-02
   2.0449194e-01  -6.0339917e-02
   1.0441905e+00  -2.8478009e-01
  -2.0008796e-01   8.7015443e-02
  -2.2633187e-01  -1.0104916e+00
   4.0613200e-01  -9.1653795e-01
   1.0550790e+00  -2.9520582e-01
  -1.1862589e+00  -1.3050840e-01
  -6.6559180e-01   7.9760423e-01
   6.6018769e-01   8.9144117e-01
   1.0265157e+00  -4.4057253e-01
   7.0177755e-01  -8.6220218e-01
   6.5562123e-01   8.4386657e-01
   8.5327965e-01  -6.5214398e-01
   5.9826694e-01   8.4593314e-01
  -8.7683826e-01   5.3300079e-01
   1.0688913e+00   5.3463279e-01
  -3.2016337e-01   1.0370739e+00
  -8.5774598e-01  -6.6921869e-01
  -2.1708701e-01   6.9263412e-02
  -9.1635325e-02   2.3522591e-01
   6.2113568e-01  -1.0221165e+00
   1.1367068e+00  -3.0862269e-02
  -7.3705914e-01  -9.2618973e-01
  -2.3856234e-01  -6.8071939e-02
   1.4323757e-01   1.1058689e+00
   1.1090175e+00   1.6569783e-01
   9.6045314e-01  -6.1855389e-01
  -3.6836938e-01  -1.0218911e+00
  -6.6037078e-01  -8.2222968e-01
   4.7433693e-01  -9.6585639e-01
  -9.7457207e-01   5.1438255e-01
  -1.1644840e-01   2.8087608e-01
   7.6603256e-01   7.3528849e-01
   3.4117668e-01   1.0609800e+00
  -8.1760487e-02  -1.1020845e+00
  -8.2696839e-01   6.1986126e-01
   1.4756137e-01   1.9080555e-01
   4.2337078e-01  -1.0594251e+00
   1.1060367e+00   2.6892228e-01
   8.0843703e-01   6.8816628e-01
  -1.1135878e+00  -3.5560009e-01
   7.9082937e-01  -6.1546231e-01
   1.5539112e-02  -2.4844764e-01
  -1.0027956e+00   3.2800588e-01
   5.4905491e-01   9.1219429e-01
   2.5162793e-01   1.3015841e-02
  -8.0291768e-01   8.6293787e-01
  -2.1746065e-01   2.5990976e-01
  -5.8326252e-01  -1.0006858e+00
  -9.6659420e-01   5.9483269e-01
  -1.1016606e+00  -4.1170975e-01
  -2.9015849e-01  -1.4248279e-01
  -9.2966404e-01   6.6762471e-01
   1.0391709e+00  -4.4419032e-02
  -1.0060469e+00   3.6614117e-01
  -8.0707443e-01  -6.6659357e-01
  -3.8989486e-01   1.1132821e+00
   9.7760908e-01   2.8524485e-01
   9.2405379e-01  -7.1412868e-01
  -2.3379720e-01   2.8226534e-01
  -3.7309212e-01  -1.3912316e-02
  -1.5117999e-01  -1.1508527e+00
   1.0386937e+00   2.0377361e-01
   1.1223027e+00   1.7685492e-01
  -1.1093180e+00   4.1754198e-01
   7.1428804e-02   1.1007458e+00
   1.4760202e-01   1.9363015e-01
   1.7161609e-01  -1.0835855e+00
  -7.0824583e-02   1.1473090e+00
  -2.2591268e-01  -1.0959811e+00
   5.3814672e-01  -9.2042132e-01
  -9.3464962e-02   1.1928486e+00
   1.1299991e+00   7.1853000e-02
   3.7006176e-01  -1.1261185e-01
  -2.9268346e-01  -1.2645596e-01
  -9.8539972e-01  -2.0958442e-01
   9.7604920e-01   4.5491723e-01
  -1.4094573e-01   1.1864453e+00
  -2.6435577e-01   1.4231960e-01
  -7.3256288e-01  -7.9078630e-01
  -2.4371284e-01   1.1371769e+00
  -6.7856720e-01   9.5252716e-01
  -1.1153041e+00  -2.2285513e-01
  -4.8019769e-02   2.3010108e-01
   8.4346311e-01   8.3782805e-01
   3.5765061e-01  -9.1053846e-02
   5.3759444e-01  -9.1015729e-01
  -3.1055381e-01   9.8504005e-01
   1.1394112e+00  -2.9453649e-01
   3.9852224e-01   9.9463534e-01
  -1.0081018e+00   5.1028678e-01
  -1.0522292e+00  -3.8787459e-01
   4.2212329e-03   1.1538919e+00
  -9.5642571e-01  -6.2895624e-01
  -5.9673222e-01  -9.3555502e-01
  -2.8557003e-01  -9.7967864e-01
   9.2460456e-01   6.1542225e-01
  -7.9221105e-02  -2.1818046e-01
   2.4383217e-01  -1.3623863e-01
  -9.1282191e-01   6.1374294e-01
   3.7744304e-02   3.2397828e-01
  -6.6035910e-01  -9.2132959e-01
   3.7510189e-01  -1.0215722e+00
   4.5997625e-01   1.1071701e+00
  -9.8029418e-01  -4.2966757e-01
   4.7179460e-01   1.0121018e+00
  -6.1961093e-01   9.6167508e-01
  -1.0721443e+00  -2.6383908e-01
  -3.4530179e-01  -1.4198267e-01
   2.0410940e-01   2.0875604e-01
   1.5812532e-01  -3.6670621e-01
  -2.8265232e-01  -2.7790037e-01
  -2.3366221e-01  -1.2131291e-01
   2.5503360e-01   8.4373042e-02
  -3.9265941e-01   2.3989922e-02
  -2.7799984e-01  -1.6094106e-01
  -2.3149887e-01   9.0072463e-02
  -8.3032038e-02   3.0218338e-01
   6.4771123e-02   3.3049436e-01
  -2.0267691e-01   4.8842200e-02
  -2.6714681e-01   3.0469415e-04
  -3.4419700e-02   3.9502130e-01
  -3.2141129e-01  -4.5816365e-02
  -1.9225800e-01  -1.8164139e-01
   2.4048839e-01  -1.2405830e-01
   2.4164095e-01  -1.6592295e-01
   3.2921246e-01   2.0489723e-01
   8.9446244e-02   1.8351938e-01
  -2.7171378e-01   2.4503672e-01
  -1.8718780e-01  -1.0510002e-01
  -1.4065629e-01   3.3190610e-01
  -2.5644429e-02  -1.9881356e-01
  -3.4978911e-01  -1.7958072e-01
   2.6942804e-01  -4.2264204e-02
   3.0537548e-01  -3.9401241e-02
   3.0584766e-01   1.6089975e-01
  -3.6933142e-01  -1.0049265e-01
   2.6190802e-01   8.0211009e-02
  -3.5084773e-01   1.5198189e-01
  -2.4525559e-01   2.0993032e-01
   1.7532424e-01  -1.1122969e-01
   5.7587210e-02  -2.9326544e-01
   1.4153582e-01  -2.3246621e-01
  -3.8673855e-01   6.1867972e-02
   3.3796259e-02  -2.0176565e-01
   2.7520756e-01  -8.2220119e-02
  -2.0345306e-02   3.9681440e-01
   3.4165854e-01   2.3279615e-02
  -2.5913986e-01   2.5098367e-01
  -2.4493772e-01   1.8788119e-01
  -2.0298303e-01  -1.1896516e-02
   1.7570142e-02  -3.4283050e-01
  -1.9482623e-01  -1.0397111e-01
   3.5551560e-02   3.1470775e-01
  -1.4741397e-01  -2.3874684e-01
  -1.1188140e-01  -2.3742290e-01
  -2.9109427e-01  -2.6457358e-01
   3.6834696e-01   7.0566072e-02
  -3.9512141e-01  -1.1948190e-02
   2.3604180e-02   2.2836265e-01
   1.1344212e-01   1.8651301e-01
   2.9052750e-01   1.0343859e-01
  -2.1043268e-01  -1.4310356e-01
  -5.0399041e-02   3.6178540e-01
   2.3138692e-01  -9.5900834e-02
   3.6932295e-01  -1.5454624e-02
  -3.6252526e-01  -1.3426898e-01
   3.4061667e-02  -2.3478298e-01
   2.1718524e-01  -4.2912735e-02
  -2.0683707e-01  -2.9179024e-01
  -1.9343873e-01   2.0462222e-01
  -1.5221506e-01  -1.7036119e-01
   3.0806060e-01   2.3380667e-01
   3.4701734e-01  -1.2373569e-02
  -2.6079189e-01   1.1206194e-01
  -1.2533643e-01   3.6912345e-01
   2.3089954e-01   3.2106174e-01
   2.3617817e-01  -2.5281698e-01
   2.0284727e-01   5.1040036e-02
   3.3762670e-01   1.8677530e-02
   9.4877775e-02   3.8369207e-01
   3.0841840e-01  -2.0107716e-01
   1.4641617e-01   2.7225679e-01
   5.3092361e+00   3.8709039e+00
   5.1931563e+00   3.7475136e+00
   4.8085725e+00   3.9277813e+00
   5.1787341e+00   3.8673825e+00
   5.0403337e+00   3.7676344e+00
   4.7651657e+00   3.9887607e+00
   5.6187924e+00   3.6218950e+00
   4.9064981e+00   4.0756716e+00
   4.7969238e+00   3.8934234e+00
   4.9991222e+00   4.1212785e+00
   5.5671471e+00   3.5600441e+00
   5.0750928e+00   3.9813751e+00
   4.9317152e+00   4.2871055e+00
   5.2429250e+00   3.5314804e+00
   5.3031765e+00   3.3384444e+00
   5.3554038e+00   3.6192670e+00
   5.0742997e+00   3.7018623e+00
   4.9521194e+00   3.9989977e+00
   4.8630616e+00   3.9309563e+00
   5.1729922e+00   3.3648074e+00
   5.2339094e+00   3.4132162e+00
   4.7696808e+00   3.8487931e+00
   5.2672809e+00   3.5424867e+00
   5.1406910e+00   3.6985689e+00
   5.0143093e+00   3.8552596e+00
   4.5425648e+00   3.8449148e+00
   5.0432417e+00   3.6403640e+00
   4.8193666e+00   4.2791558e+00
   4.8827159e+00   4.2177272e+00
   5.4613424e+00   3.1987097e+00
   5.0664285e+00   3.7708947e+00
   5.2481508e+00   2.9143171e+00
   5.1043511e+00   3.8427051e+00
   5.0915526e+00   3.6961585e+00
   5.3294510e+00   3.5245487e+00
   5.1616573e+00   3.8408736e+00
   4.9809789e+00   3.8940222e+00
   5.3877701e+00   3.3717102e+00
   4.8770915e+00   3.9760964e+00
   5.1656911e+00   3.5061205e+00
   4.9300243e+00   3.8722445e+00
   5.0422568e+00   3.4843362e+00
   5.2717296e+00   3.5298284e+00
   5.1639879e+00   4.0637539e+00
   5.0731677e+00   3.5670280e+00
   5.1722104e+00   3.4316127e+00
   5.0347088e+00   4.0938021e+00
   5.1542099e+00   3.6539188e+00
   5.3539256e+00   3.8604762e+00
   4.5725020e+00   3.9903616e+00
   4.8540724e+00   3.7651101e+00
   4.9217953e+00   3.7499474e+00
   5.2885239e+00   4.1942380e+00
   4.8287908e+00   4.3286191e+00
   4.8510025e+00   3.9803004e+00
   5.0897592e+00   3.7564999e+00
   4.7349137e+00   4.2167921e+00
   5.4753093e+00   3.4602161e+00
   4.9861453e+00   3.9226876e+00
   4.8789599e+00   4.3837481e+00
   5.2295341e+00   3.7661726e+00
   5.2980221e+00   3.3210270e+00
   5.7913862e+00   4.4515183e+00
   5.7351903e+00   4.1450807e+00
   5.9237186e+00   4.3396284e+00
   5.8234212e+00   3.9920686e+00
   6.0817666e+00   4.2806314e+00
   5.6804842e+00   3.8421223e+00
   5.9786267e+00   4.2065562e+00
   5.7640011e+00   4.1148984e+00
   5.7649998e+00   4.1046367e+00
   5.9585275e+00   4.1890160e+00
   5.9958336e+00   4.0461056e+00
   6.1533331e+00   4.2471284e+00
   5.7047632e+00   4.3060555e+00
   6.0711790e+00   4.3152311e+00
   5.7943231e+00   4.1550873e+00
   5.9822399e+00   4.1525215e+00
   5.9206051e+00   4.2746276e+00
   6.2186637e+00   4.2358172e+00
   5.9708958e+00   4.2921231e+00
   5.6621511e+00   4.2930321e+00
   5.8642121e+00   3.8919114e+00
   5.8474601e+00   4.0673971e+00
   6.0224212e+00   4.1868971e+00
   5.6516510e+00   4.1309936e+00
   6.0509594e+00   4.1571734e+00
   5.7799179e+00   4.5428567e+00
   6.0779200e+00   4.1270837e+00
   5.9228635e+00   4.2172876e+00
   5.7513159e+00   4.3957726e+00
   5.9277359e+00   4.4646560e+00
   6.1502785e+00   4.3632669e+00
   5.7659910e+00   4.0438598e+00
   5.7988976e+00   4.3143147e+00
   5.9304687e+00   4.3130844e+00
   6.0376288e+00   4.0340236e+00
   6.2268480e+00   4.5591189e+00
   6.0351549e+00   4.3030274e+00
   5.8681213e+00   4.0134398e+00
   6.1403507e+00   4.2183649e+00
   6.0244955e+00   4.2733843e+00
   5.8059250e+00   4.4416874e+00
   5.4164317e+00   4.1261200e+00
   6.1928085e+00   4.3544320e+00
   5.5504620e+00   4.0562437e+00
   6.1437578e+00   4.2869912e+00
   5.5446108e+00   4.1797175e+00
   6.0171818e+00   4.2034248e+00
   6.1295981e+00   4.2625383e+00
   6.0743017e+00   4.2664505e+00
   5.7716794e+00   4.2933211e+00
   5.7077679e+00   4.1085522e+00
   5.9371748e+00   4.1411248e+00
   5.5657452e+00   4.2380032e+00
   5.5464985e+00   4.0458746e+00
   5.6168818e+00   4.1784856e+00
   6.1191358e+00   4.1799769e+00
   6.2081253e+00   4.1090946e+00
   5.9244920e+00   4.0776983e+00
   5.8099681e+00   4.2722388e+00
   5.9983995e+00   4.2338358e+00
   5.8993981e+00   4.2419496e+00
   5.8268528e+00   4.3070529e+00
   6.2668884e+00   4.4319632e+00
   5.5561590e+00   3.8929683e+00
   5.8032816e+00   4.3431069e+00
   5.8539680e+00   4.2956574e+00
   5.9646456e+00   4.3065056e+00
   5.8915983e+00   4.0613449e+00
   5.8739590e+00   4.4242344e+00
   5.8466488e+00   4.2726524e+00
   5.9673086e+00   4.3491478e+00
   6.1752822e+00   4.2299894e+00
   6.3321811e+00   4.2048660e+00
   6.0724172e+00   4.0571529e+00
   6.2211307e+00   4.2819780e+00
   5.9753008e+00   4.1953713e+00
   5.6832350e+00   4.0056634e+00
   5.6794436e+00   4.3137684e+00
   5.7642733e+00   4.1691993e+00
   2.4907981e+00   6.3993631e+00
   2.3223612e+00   7.0337803e+00
   2.7872160e+00   6.1074196e+00
   2.3558414e+00   6.2889282e+00
   2.7047517e+00   6.5662918e+00
   2.7792714e+00   6.4944498e+00
   2.0233698e+00   6.7392689e+00
   3.0503075e+00   6.7938610e+00
   2.7357531e+00   6.3790446e+00
   2.6772362e+00   6.2253663e+00
   2.3092881e+00   6.1107711e+00
   2.4027819e+00   6.5193429e+00
   2.1809755e+00   6.3015109e+00
   2.2122187e+00   5.9131191e+00
   2.2905605e+00   5.8246315e+00
   2.5737082e+00   6.5929410e+00
   2.8488666e+00   5.8411505e+00
   2.7301267e+00   6.5332356e+00
   2.3508510e+00   6.6849189e+00
   2.0162264e+00   6.3133321e+00
   2.5042810e+00   6.4982388e+00
   2.3149132e+00   6.1441199e+00
   2.0981646e+00   6.2869666e+00
   2.5361884e+00   6.9327463e+00
   2.5523678e+00   7.3610105e+00
   2.6350840e+00   6.3291952e+00
   2.3944808e+00   6.7740429e+00
   2.3778798e+00   6.2190131e+00
   2.4260744e+00   6.0246065e+00
   2.4134606e+00   6.7656703e+00
   2.5081833e+00   6.1920604e+00
   4.7871821e+00   5.1789814e+00
   4.7138925e+00   5.5113411e+00
   4.4829137e+00   5.2138268e+00
   4.7573213e+00   5.5225628e+00
   4.5591840e+00   5.1127077e+00
   4.5324157e+00   5.2087737e+00
   4.5718025e+00   5.4126667e+00
   4.4038694e+00   5.5917783e+00
   4.2906454e+00   5.4704700e+00
   4.5649969e+00   5.5230585e+00
   4.9159753e+00   5.4067992e+00
   4.5319849e+00   5.2918957e+00
   4.8493975e+00   5.6159028e+00
   4.9337028e+00   5.5964635e+00
   4.5461073e+00   5.4784770e+00
   4.6575720e+00   5.6443015e+00
   4.8552864e+00   5.8009911e+00
   4.6446389e+00   5.2184178e+00
   4.8508565e+00   5.4729313e+00
   5.1523298e+00   5.7483698e+00
   4.9944507e+00   5.4722952e+00
   4.8888101e+00   5.4308801e+00
   4.9810290e+00   5.9966551e+00
   4.7767635e+00   5.7844571e+00
   4.8143718e+00   5.8982953e+00
   4.7717062e+00   5.1232373e+00
   4.5594493e+00   5.5113358e+00
   4.4782725e+00   5.1941686e+00
   4.3546585e+00   5.3732320e+00
   4.7081875e+00   5.3081025e+00
   4.7388921e+00   5.6115807e+00
   4.7307833e+00   5.3545071e+00
   4.6789072e+00   5.8018905e+00
   4.5511108e+00   5.6696984e+00
   4.6481627e+00   5.6296324e+00
   4.1604325e+00   5.5178847e+00
   4.8806975e+00   5.8764061e+00
   4.7351728e+00   5.8027709e+00
   4.9929649e+00   5.3135150e+00
   4.6124871e+00   5.0654022e+00
   4.9618217e+00   5.2758401e+00
   4.7323342e+00   5.5496287e+00
   4.9040105e+00   5.4015459e+00
   4.7779639e+00   5.3985934e+00
   4.6248010e+00   4.9311226e+00
   4.7024888e+00   5.4575833e+00
   4.4047600e+00   5.2589600e+00
   4.4036253e+00   5.5328294e+00
   4.6748635e+00   5.6599725e+00
   4.7344671e+00   5.3470317e+00
   4.5280365e+00   5.1983102e+00
   4.9746230e+00   5.8182288e+00
   4.9457988e+00   5.6712659e+00
   4.9348076e+00   5.4324402e+00
   4.9549631e+00   5.2514916e+00
   4.7743855e+00   5.6686137e+00
   4.6165821e+00   5.6336460e+00
   4.5674692e+00   5.3038515e+00
   4.8066408e+00   5.7710902e+00
   4.5564411e+00   5.1924428e+00
   4.6770436e+00   5.2123385e+00
   4.4025770e+00   5.6842799e+00
   4.6385086e+00   5.2764260e+00
   4.7830745e+00   5.0705588e+00
   4.6886149e+00   5.3569126e+00
   4.6793848e+00   5.2127718e+00
   4.6758967e+00   5.4099806e+00
   4.7346350e+00   5.4256642e+00
   4.8236110e+00   5.4278112e+00
   5.0754200e+00   5.6134991e+00
   4.8236892e+00   5.6090070e+00
   4.9429037e+00   5.3872219e+00
   4.5828947e+00   5.2018829e+00
   4.5699864e+00   5.6314901e+00
   4.0995275e+00   5.1894697e+00
   4.6602465e+00   5.6670138e+00
   4.5292853e+00   5.3072837e+00
   4.6177064e+00   5.8107443e+00
   4.6817496e+00   5.6761362e+00
   4.4890905e+00   5.6178439e+00
   4.6775889e+00   5.3843802e+00
   4.4522218e+00   4.9967860e+00
   4.7720041e+00   5.3913824e+00
   4.8435196e+00   5.5138660e+00
   4.7197338e+00   5.2964348e+00
   5.3766975e+00   6.2341473e+00
   5.4719980e+00   6.1354063e+00
   5.5022842e+00   6.4554949e+00
   5.5895707e+00   5.9910437e+00
   5.4319131e+00   6.2364349e+00
   5.3750924e+00   6.4556671e+00
   5.4151876e+00   6.1192957e+00
   5.6361085e+00   6.1489117e+00
   6.0066201e+00   6.0333399e+00
   5.4576831e+00   6.3158444e+00
   5.9273901e+00   6.5538013e+00
   5.5676479e+00   5.8901561e+00
   5.7108506e+00   6.3400138e+00
   5.4051070e+00   6.5015909e+00
   5.4516636e+00   6.0856610e+00
   5.5105503e+00   6.1019750e+00
   5.4356816e+00   6.3106152e+00
   5.6407154e+00   6.1446461e+00
   5.8508938e+00   5.9781476e+00
   5.4909943e+00   5.8854049e+00
   5.7789067e+00   6.4522122e+00
   5.7196462e+00   5.9795198e+00
   5.4262151e+00   6.3242944e+00
   5.6440198e+00   6.2133195e+00
   5.7634280e+00   6.2774807e+00
   5.6554747e+00   6.2580138e+00
   5.6902314e+00   6.1702054e+00
   5.5192247e+00   5.9026110e+00
   5.7127556e+00   6.3258402e+00
   5.6711971e+00   6.5038323e+00
   5.1441446e+00   6.1634910e+00
   5.5192181e+00   5.8708864e+00
   5.4940782e+00   6.2353067e+00
   5.8244777e+00   6.0347446e+00
   5.2933434e+00   6.1973036e+00
   5.5501420e+00   6.0787271e+00
   5.5995073e+00   6.1705180e+00
   5.1612474e+00   6.1972775e+00
   6.1011621e+00   5.9903734e+00
   5.6308013e+00   6.1688431e+00
   5.8448475e+00   6.0361561e+00
   6.1484039e+00   6.1611415e+00
   5.4132375e+00   6.1267358e+00
   5.9488141e+00   6.2938689e+00
   5.8716355e+00   6.2318477e+00
   5.6004549e+00   6.1369833e+00
