   5.5875381e-01  -1.1603431e+00
  -4.1191530e-01  -1.9307969e+00
   6.2420201e-01  -6.4020776e-01
   9.6796696e-01  -9.0185723e-01
   5.3654404e-01  -1.8767186e-01
   7.0335649e-01  -5.1416090e-01
   8.0344952e-01  -5.5103731e-01
   4.5712411e-01  -4.7613639e-01
   1.1689737e+00  -6.0696347e-01
   6.9962479e-01  -8.2382042e-01
   5.3741744e-01  -1.1406375e+00
   7.0963471e-01  -2.4747122e-01
   7.1405733e-01  -6.1787968e-01
   6.6338816e-01  -5.9311838e-01
   7.4250710e-01  -4.7369952e-01
   1.0115554e+00  -5.9235415e-02
   5.4911073e-01  -5.8295340e-01
   7.8087696e-01  -3.2500530e-01
   6.6887770e-01  -2.1127702e-01
   8.6231243e-01  -2.7229190e-01
   3.7383076e-01  -1.7665332e+00
   7.5923163e-01  -7.2529280e-01
   9.5926763e-01  -9.4157017e-01
   6.0602480e-01  -1.0307391e+00
   9.0704522e-02  -1.5941254e+00
   7.1202792e-01  -5.6858644e-01
   7.5562697e-01  -1.7075992e-01
   3.7462087e-01  -1.4787705e+00
   7.5828235e-01  -4.4733710e-01
   9.5853864e-01  -1.0718878e+00
   8.8904773e-01  -5.9473425e-01
   6.6404529e-01  -1.0097419e+00
   9.8176652e-01  -9.9506744e-01
   8.2515586e-01  -2.3938200e-01
   5.5027332e-01  -1.7478863e+00
   9.2247116e-01  -1.8173837e-01
   7.7392795e-01  -4.9375031e-01
   7.3036660e-01  -8.6385262e-01
   3.2176111e-01  -1.9022793e-01
   4.8656754e-01  -5.7801212e-01
   1.9182451e-01  -2.1088881e-01
   3.9235664e-01  -1.3097108e+00
   1.0400226e+00  -7.3930491e-01
   6.6150124e-01   9.7121135e-03
  -2.1575417e-01  -1.7881724e+00
   6.3367541e-01  -1.1381953e+00
   5.4793723e-01  -5.8168292e-01
   8.4435650e-01  -4.6748031e-01
   6.1445590e-01  -1.0487842e+00
   4.0198930e-02   1.5408180e-01
   8.8287167e-01  -3.8310152e-01
   9.2833996e-01  -1.4086435e+00
   3.2212462e-01  -6.2067079e-01
   5.7639708e-01  -5.6404271e-01
   2.4929948e-01  -5.7428827e-02
   9.6778885e-01  -6.5726898e-01
  -1.4991268e-01  -1.7421900e+00
   5.4538031e-01  -1.0359577e+00
   5.1066114e-01  -4.0086028e-01
   9.9145572e-02   5.9721806e-02
   9.2731496e-01  -2.2957198e-01
   6.4782414e-01  -3.1221583e-01
   1.1004625e+00  -9.8819147e-01
   9.4902342e-01  -1.8329791e+00
   7.7719966e-01  -8.0588440e-01
   6.2835488e-01  -6.5460837e-01
   1.0225662e+00  -2.3172849e-01
   6.2243489e-02  -4.0893782e-01
   9.6458255e-01  -9.2743183e-01
   7.6214532e-01  -2.2694267e-01
   7.0944223e-01  -4.5936606e-01
   8.3534727e-01  -5.9434999e-01
   6.1287524e-01  -4.3919681e-01
   7.4209362e-01  -5.1002602e-01
   7.9956329e-01   1.0467165e-01
   2.8113419e-01  -1.6047992e+00
   8.5084279e-01  -1.3442646e+00
   1.0377088e+00  -2.6389645e-01
   6.8197715e-01  -1.3260433e+00
   4.3758624e-01  -4.9075202e-01
   5.5880524e-01  -1.1617001e+00
  -2.2961396e-01  -1.8146159e+00
   5.1534903e-01  -1.1195664e+00
   3.7274456e-01  -5.0652075e-01
   6.2268043e-01  -8.2054845e-01
   5.0099170e-01   2.0143942e-01
   6.9254698e-01  -7.3848722e-01
   3.3970583e-01  -1.1133218e+00
   4.1449213e-01  -1.5527035e+00
   5.2005543e-01  -5.4999242e-02
   1.3341094e+00  -2.9790022e-01
  -2.7668450e-01  -1.7917010e+00
   4.4977840e-01  -1.2352936e-01
  -7.0963948e-02  -6.3614540e-01
   4.0581361e-01  -2.2423011e-01
   7.4318794e-01  -4.0396335e-01
   7.3974882e-01  -1.3686348e+00
   8.4488869e-01  -7.1159248e-01
   4.5382358e-01  -4.2486362e-01
   4.6883592e-01  -9.7473517e-01
   8.5706487e-01  -8.6057813e-01
   9.4890065e-01  -9.2237603e-01
   7.8488351e-01  -1.2263298e-01
   9.2787749e-01  -2.2178817e-02
   2.1492820e-01  -1.4901565e+00
   7.0214780e-01  -5.3116213e-01
   6.2960847e-01  -8.2027956e-01
   1.2618482e+00  -1.0053694e-01
   2.1614230e-01   9.5446918e-02
   9.3113499e-01  -5.6248183e-01
   1.0273618e+00  -4.2158411e-01
  -9.1884756e-02  -1.7589730e+00
   6.7374888e-01  -2.7662981e-01
   6.0315958e-01  -8.7168036e-01
   5.5854064e-01  -1.5727396e+00
   8.6579539e-01  -7.7480962e-01
   1.0142171e+00  -1.4120992e+00
   9.0714724e-01  -2.1119127e-02
   5.5723911e-01  -3.4919548e-01
   5.4960043e-01  -4.5614956e-01
   3.8175301e-01  -1.4083148e+00
   7.5336192e-01  -3.1411999e-01
   4.9911930e-01  -6.0848734e-01
   3.7371914e-01  -2.3290716e-01
   8.7379739e-01  -5.9954777e-01
   6.2150007e-01  -5.8524081e-01
   1.0711531e-02  -1.9182333e+00
   6.0670725e-01  -4.0448259e-01
   2.3922602e-01  -1.4946394e+00
   1.0937984e-01  -1.7515352e+00
   1.3201759e+00  -1.0311253e+00
   3.3901305e-01   6.3108402e-01
   1.6162655e-01  -3.5728218e-01
   8.3220611e-01  -3.9377400e-01
   9.6812350e-01  -6.8980291e-01
   6.1268168e-01  -3.4928480e-01
   7.3086380e-01  -7.2267805e-01
   3.5922777e-01  -3.7243493e-01
   6.1943762e-01  -1.0140619e+00
  -1.3706654e-01  -5.7330533e-01
   7.1528457e-01  -9.8243100e-01
   6.8161852e-01  -1.0406514e+00
   7.6955180e-01   2.3743841e-01
   5.2389799e-01  -7.4976552e-01
   1.0625945e+00  -9.4163090e-01
   7.9121379e-01  -1.0102580e+00
   9.3488059e-01  -6.0562387e-01
   6.8970936e-01  -1.1400547e+00
   9.2782452e-01  -1.0029446e+00
   5.2135623e-01  -1.0400712e+00
   2.3493528e-01  -6.4794275e-01
   1.1344610e+00  -4.5745735e-01
   7.5827664e-01   6.4102284e-02
   6.6328855e-01  -1.0005600e-01
   7.3793435e-01   8.5346231e-02
   7.7365357e-01  -1.0866375e+00
   3.2506156e-02  -1.7936634e+00
   6.3116596e-01  -4.0997776e-01
   7.3950753e-01  -6.8792294e-01
   9.5118406e-01  -8.8315179e-01
   3.1897295e-01   3.2438526e-01
  -2.0045398e-01  -1.9286382e+00
   3.0888316e-01  -5.9100992e-01
   5.9820509e-02  -3.7673069e-01
   4.8714445e-01  -3.6731601e-01
   9.6072021e-01  -5.1819816e-01
   1.0883855e+00  -9.1934449e-01
   9.3959857e-01  -5.9929460e-01
   3.7088419e-01  -3.9019234e-01
   5.2208995e-01  -1.1838876e+00
   4.6295501e-01  -1.2008931e+00
   5.0672375e-01  -1.1987937e-01
   3.1051899e-01  -1.4299115e+00
   6.7053584e-01  -4.0140680e-01
   8.4882073e-01  -8.2179925e-01
   8.2272743e-01  -3.5675689e-01
   4.8071463e-01   6.1384816e-02
   6.7000253e-01  -5.2515194e-01
   6.4443798e-01  -7.3756563e-01
   2.9868361e-01  -1.2586383e-01
   4.3106697e-01  -1.0135049e+00
   6.0675349e-01  -9.9262883e-02
   7.6254358e-01  -8.0575764e-01
   8.4166777e-01  -8.3652124e-01
   4.3349424e-01  -1.0417752e+00
   6.8469969e-01  -9.6155874e-01
   6.0290786e-01  -1.0439540e+00
   1.2419204e+00  -1.0244883e-01
   5.4550198e-01  -1.1035194e+00
   6.0351043e-01  -1.1225955e+00
   9.5079533e-01  -5.2318334e-01
   5.6481768e-02  -1.8233173e+00
   8.9850149e-01  -7.7896449e-01
   6.8905059e-01  -2.5963221e-01
   1.6319324e-01  -7.1622434e-01
   8.1604076e-01  -1.8112403e-01
   5.5069527e-01  -4.4645877e-01
   4.9341649e-01  -4.8911511e-01
   7.3221102e-01  -1.1511372e+00
   8.2658467e-01  -3.4609710e-02
   1.2693774e+00  -3.3819391e-01
   7.6014698e-01  -8.1639445e-01
   4.0285273e-01  -1.3573168e+00
   5.4634913e-01  -2.4093043e-01
   2.4357396e-01   2.0409933e-02
   8.4250799e-01  -1.3094458e+00
   7.7085984e-01  -6.7599579e-01
   1.0747229e+00  -2.1384220e-01
   6.0717758e-01  -1.1078963e+00
   1.7987562e-01  -1.8163619e-01
   1.1479420e+00  -9.2540959e-01
   4.4172001e-01  -1.3598232e-02
   9.8639102e-01  -6.6136564e-01
   7.6373602e-01  -4.2035066e-01
   5.7387630e-01  -1.2723837e+00
   9.8296214e-01  -8.8197494e-01
   7.3444975e-01  -5.7408863e-01
   1.0255482e+00  -1.3216661e-01
   5.2737488e-01  -4.4893531e-01
   8.9523732e-01  -1.6087915e-01
   7.8124143e-01  -7.5762131e-01
   6.3383674e-01  -1.2158796e+00
   1.0702090e+00  -1.3898697e-01
   8.3118452e-01  -1.3875570e+00
  -1.0343577e-01  -9.4749315e-01
   8.7602743e-01  -5.5742237e-01
   5.2432758e-01  -3.7733563e-01
   5.3726165e-01  -1.7104247e-01
   5.9192874e-01  -1.5150729e-01
   6.3778862e-01  -1.4016930e+00
   9.0494012e-01  -2.7144055e-02
   8.7751537e-01  -3.4338631e-01
   5.8694779e-01  -1.5805030e+00
  -8.5899037e-01  -1.8426446e+00
  -1.4607099e-01  -1.7508610e+00
   5.0140669e-01  -1.4998115e+00
   6.1108041e-01  -1.1293997e+00
   2.0157911e-01  -6.6535809e-01
   3.5917631e-01  -3.3591569e-01
   7.0649195e-01  -1.2195334e+00
   8.1372966e-01   1.3688934e-01
   8.0387645e-01  -3.3617978e-01
   6.3561467e-01  -5.1667021e-01
   8.1094420e-01  -4.9053769e-01
   7.4117986e-01  -8.7110650e-01
   9.6827756e-01  -2.1459242e-01
   8.0047852e-01  -9.4445504e-01
   7.3914199e-01  -3.8904717e-01
   3.2919780e-01  -2.5106697e-01
   1.2031917e+00  -3.2249632e-01
   3.7684751e-01  -4.3018823e-01
   1.1049217e+00  -1.0591619e+00
   7.8834496e-01  -8.6145083e-02
   5.9845211e-01  -1.4284809e+00
   5.0737456e-01  -1.3776742e+00
   5.8507363e-01  -2.4432190e-01
   6.3070580e-01  -5.2362639e-01
   6.4938665e-01  -9.7233698e-01
   9.1680232e-01  -4.4762990e-01
   7.7183714e-01   1.1182868e-01
   7.8767095e-01  -4.0168968e-01
   1.1915580e+00  -3.3796176e-01
   7.6319630e-01  -1.2337391e+00
   3.7049334e-01  -1.4074536e+00
   1.1699872e+00  -3.4031261e-01
   9.3997220e-01  -4.7013977e-01
   8.0906383e-01  -5.6870651e-01
   6.2990614e-01  -9.7611432e-03
   9.9034749e-02  -1.6905048e+00
   3.1091209e-01   1.1203474e-01
   7.8053647e-01  -5.8446501e-01
   6.6062027e-01  -2.1579373e-01
  -1.1271225e+00  -1.8042005e+00
   5.5656917e-01  -1.1170890e+00
   7.1824914e-01  -6.1822276e-01
   2.2090320e-01  -1.9118195e+00
   9.5567074e-01  -8.7673211e-01
   7.2768993e-01   5.9608978e-02
   9.0912346e-01  -5.6111442e-01
   5.3723041e-01  -1.4689530e+00
   3.9467606e-01  -1.5227635e+00
   5.0799549e-01  -4.4728731e-01
  -3.8962347e-01  -1.8499530e+00
   9.4349300e-01  -5.2465356e-01
   8.0180652e-01  -5.9729827e-01
   5.5699349e-01  -3.6222183e-01
   7.7407017e-01  -7.9571374e-01
   7.9868734e-01  -9.5466868e-02
   8.8193101e-01  -8.2258465e-02
  -2.1530152e+00  -9.6043285e-01
   7.0148069e-01  -3.3624885e-01
   4.8282579e-01  -1.5597099e+00
   9.7082635e-01  -8.8827174e-01
   2.3243343e-01  -1.9575674e-01
   1.1702021e+00  -8.8612947e-01
   3.8908796e-01  -1.1999573e+00
   5.7703790e-01  -5.7934391e-01
   7.8564391e-01  -5.1212902e-01
   1.0704315e+00  -6.8477741e-01
   1.0092660e+00  -8.2398778e-01
   6.6790165e-01   3.7104763e-02
   5.2401097e-01  -5.9853776e-01
   5.2790231e-01  -4.0996264e-01
   6.2383045e-01  -8.1379100e-01
   8.8157300e-01  -4.4661389e-01
   5.4293217e-01  -1.1700543e-01
   9.2234753e-01  -7.3109327e-01
   5.6773329e-01  -1.0512760e+00
   6.6778255e-01  -9.6427062e-01
   4.5736132e-01  -9.8714740e-01
   5.5203881e-01  -3.5347641e-02
   7.3910188e-01  -8.5901096e-01
   8.8015542e-01  -5.2885388e-01
   4.8267108e-01  -7.5991204e-01
   1.1372672e+00  -1.8149542e-01
   5.6171325e-01  -7.0773677e-01
   8.2792349e-01  -9.4632903e-01
   1.8052983e-01  -3.5687170e-01
   5.7464771e-01  -4.9093447e-01
   7.0575349e-01  -7.5532302e-01
   5.9527177e-01  -8.0118468e-01
   2.7741366e-01  -2.5650226e-01
   9.1633386e-01  -4.7369308e-01
   9.4728739e-01  -9.9769575e-01
   5.4507279e-01  -1.1272386e-01
   7.6428023e-01  -1.5093725e-02
   5.4161571e-01  -8.1202728e-01
   1.1950355e-01  -7.5649720e-02
   4.4871903e-01  -1.0875983e+00
   3.0378640e-01  -1.5899316e+00
   7.4427560e-01  -9.8526978e-01
   7.2019254e-01  -8.8233266e-01
   9.9684309e-01  -6.1162068e-01
   3.7900006e-01  -6.7155996e-01
   8.1831627e-01  -9.8078554e-01
   9.4623495e-01  -7.9640756e-01
   4.5410550e-01  -1.6090581e+00
   8.1745796e-01  -5.1381368e-01
   6.4868993e-01  -3.9513676e-01
   6.7645415e-01  -4.9213170e-01
   1.0386574e+00  -3.0735939e-01
   6.1203438e-01  -8.2230943e-01
   1.6145404e-01   1.4137010e-01
   6.0809552e-01  -5.5448675e-01
   6.2484928e-01  -9.8971829e-01
   4.9577616e-01  -1.0599196e+00
   6.9505165e-01  -1.4766500e+00
   4.5379857e-01   3.2120660e-01
   3.8647596e-01  -1.5853594e+00
   7.0520883e-01  -9.8934572e-01
  -3.1883756e-02   2.0723562e-01
   4.7103067e-01   2.2144165e-01
   6.1646821e-01  -2.9881007e-01
   3.6302396e-01  -9.5494419e-01
   1.0099476e+00  -5.8390838e-01
   5.1077144e-01  -6.4678809e-01
   9.5159567e-02  -5.9403668e-02
   1.0135902e+00  -5.0829930e-01
   3.2539542e-01  -1.5714852e+00
  -8.1104826e-01  -1.8291280e+00
   2.7761476e-01  -1.3826029e-01
   4.8142581e-01  -1.0074084e+00
   6.4023812e-01  -6.5167685e-01
   1.0724118e+00  -3.9443790e-01
   1.0791681e+00  -1.1100564e+00
   7.4641637e-01  -1.1141589e+00
   1.2754182e+00  -5.7240830e-01
   6.6300740e-01  -5.2498697e-01
   4.4083494e-01  -3.5636046e-01
   4.3599780e-01  -1.3870533e+00
   6.4764265e-01  -8.1668972e-01
   6.7547186e-01  -6.9961594e-01
   7.5714404e-01  -8.5040679e-01
   7.5991022e-01  -1.4638528e+00
   5.1900964e-01   9.5406653e-02
   9.1978222e-01  -1.0423396e+00
   5.7351802e-01  -3.4509420e-01
   8.1249416e-01  -7.2443972e-01
   7.1571523e-01  -2.9690048e-01
   2.9224423e-01  -5.5647565e-01
   8.9879888e-01  -2.3943305e-01
   3.0539270e-01  -4.1420766e-01
   5.6206711e-01  -6.3434525e-01
   8.0897733e-01  -2.2330808e-01
   5.6213633e-01  -5.4583379e-01
   4.4629223e-01  -1.6779080e-01
   2.2342421e-01  -5.8838372e-01
   1.0618577e+00  -1.6433791e-01
   8.1323679e-01  -4.1612235e-01
   1.1994158e+00  -1.0018668e+00
   6.8012651e-01  -9.9435975e-01
   7.3875176e-01  -1.2429866e+00
   6.7245643e-01  -1.1227860e+00
   2.6606863e-01  -6.8746256e-01
   4.5195866e-01   4.5669388e-01
   5.6157757e-01  -1.6265134e+00
   1.1376884e+00  -5.8611473e-01
   1.4654067e+00  -7.1913143e-01
   5.4620785e-01  -1.4067020e+00
   1.0939117e+00  -4.1000275e-01
   2.6033436e-01  -9.5409245e-02
   6.0967245e-02  -1.9084834e+00
   4.9083044e-01  -9.3146571e-01
   4.6180918e-01  -9.4059662e-01
   4.4044354e-01  -1.6925076e+00
   4.8843245e-01  -6.7672996e-01
   9.5720391e-01  -5.1208415e-03
   6.8127320e-01  -1.1631550e+00
   1.0190969e+00  -2.2713623e-01
   9.2531738e-01  -7.6934684e-01
   2.6897426e-01   5.1742351e-02
   5.7843213e-01  -6.4093777e-01
   7.7292481e-01  -6.6530170e-01
   7.1945591e-01  -3.8190774e-01
   7.7580136e-01  -5.1115758e-01
   3.6606807e-01  -7.3057955e-01
   6.1003736e-01  -1.5626393e-01
   7.2460464e-01  -1.1516078e+00
   6.6736510e-01  -8.0566315e-01
   7.4094472e-01  -3.1416709e-01
   8.3204708e-01  -2.4740268e-01
   8.0605984e-01  -1.3799680e+00
   1.0305761e+00  -8.4920800e-01
   8.2199855e-01  -9.8706330e-01
   6.0124058e-01  -1.1121130e+00
   7.2576927e-01  -1.2285702e+00
   4.9571147e-01   1.4283534e-02
   2.0193863e-01  -1.6674427e+00
   8.9272571e-01  -7.0988978e-01
   5.0864581e-01  -1.4023148e+00
   2.7696504e-01  -5.8382350e-01
   7.2650940e-01  -3.6569051e-01
   8.6866999e-01  -6.4195033e-01
   3.2851249e-01  -1.0673809e+00
   9.7232783e-01  -5.3754593e-01
   7.6204937e-01  -2.4648360e-01
   5.8456962e-01  -7.3444762e-01
   4.7897596e-01  -1.1493924e+00
   7.8882668e-01  -1.2295882e+00
   2.8132919e-01  -9.6276728e-01
   7.2363445e-01  -1.4021124e+00
   6.6335355e-01  -1.0806172e+00
   1.0044379e+00  -5.1804137e-01
   6.3534850e-01  -5.3570185e-01
   8.3054242e-01  -7.0588574e-01
   7.2112506e-01  -7.2571968e-01
   7.0273376e-01  -5.7114463e-01
   4.5519894e-01  -1.4189060e+00
   9.4898032e-01  -4.9363331e-01
   6.7001687e-01  -3.5377749e-01
   5.8543673e-01  -9.5122796e-01
   9.8923265e-01  -4.4951514e-01
   9.1402892e-01  -1.0199523e+00
   9.1962477e-01  -8.6148015e-01
   1.0834523e+00  -3.4606775e-01
   6.5454254e-01  -1.0459155e+00
   7.4179905e-01  -4.9351180e-01
   8.6589756e-01  -7.4537738e-01
   2.6694695e-01  -2.5202834e-01
   1.1995466e+00  -6.4424660e-02
   3.8371182e-01  -1.1471627e+00
  -7.7682096e-02  -1.7658450e+00
   4.9264913e-01  -5.9115556e-01
   6.9434123e-01  -1.0123111e+00
   5.3402240e-01  -1.5081789e+00
   5.8953744e-01  -7.6411824e-01
   1.1862595e+00  -1.0442110e+00
   8.3265141e-01  -1.0078254e+00
   3.5737564e-01  -1.6720083e+00
   7.7706697e-01  -8.7652247e-01
  -3.1179309e-01  -1.7976991e+00
   7.3638169e-01  -7.9750590e-01
   7.3079241e-01  -9.3989551e-01
   5.2092920e-01  -1.2941311e+00
   9.2760043e-01  -1.0184647e+00
   6.5847373e-01  -7.6196357e-01
   8.4703568e-01  -2.8350054e-01
   7.6158090e-01  -6.9709903e-01
   6.4580413e-01  -1.2411486e+00
   9.9647382e-01  -5.2141338e-01
   8.7313403e-01  -4.6090576e-01
   5.4560856e-01  -1.0818457e+00
  -2.8112432e-01  -1.9303631e+00
   5.7915987e-01  -5.5295134e-01
   6.3178968e-01  -5.0666803e-01
   2.9148941e-01  -3.2807239e-01
   6.5845061e-01  -1.2071905e+00
   7.6205017e-01  -1.2015103e+00
   7.9690937e-01  -4.8279815e-01
   4.3493406e-01   1.8627363e-01
   6.3051017e-01  -8.6248080e-01
   5.0115286e-01  -9.1346830e-01
   8.0571445e-01  -5.1669823e-01
   7.9894066e-01  -1.3957626e-01
   1.0042785e+00  -7.0405964e-01
   6.3380773e-01  -7.2196144e-01
   6.6639138e-01  -1.0641298e+00
   5.0678518e-01   1.4788919e-01
   3.2588171e-01  -1.5747706e+00
   5.9701081e-01  -1.2403393e+00
  -3.4662088e-01  -9.0767502e-02
  -8.6854481e-01  -7.2129525e-01
  -2.1196432e-01  -1.9689898e-01
  -6.8048539e-01  -3.6433513e-01
  -7.8506879e-01  -2.6855196e-01
  -2.0982590e-01  -5.4209151e-01
  -4.1468686e-01  -6.7068364e-01
  -7.9693480e-01  -3.5574318e-01
  -1.2936756e+00  -3.4063897e-01
  -8.7097435e-01  -3.0749973e-01
  -1.3800922e+00  -1.2153325e-02
  -1.3117598e+00  -7.4187313e-02
  -1.2608781e+00  -2.8566711e-01
  -1.4972133e+00   5.5165178e-01
  -9.5397477e-01  -1.8307338e-01
  -1.0293498e+00  -3.4462768e-01
  -1.0846878e+00  -7.9011003e-02
  -7.1277382e-01  -5.1995867e-01
  -9.2755154e-02  -3.4449258e-01
  -6.9495815e-01  -3.2016786e-01
  -4.8609842e-01  -4.1281973e-01
  -1.2391989e+00  -5.0135890e-01
  -1.0489151e+00  -5.4642546e-01
  -7.9536574e-01  -5.6631176e-01
  -4.0402749e-01  -5.2476341e-01
  -9.5424456e-01  -1.6500040e-01
  -5.7996426e-01  -1.4213957e+00
  -1.3771412e+00  -2.5006099e-01
  -1.2692995e+00   2.9929581e-01
  -6.3670389e-01  -4.0135020e-01
  -1.3418336e+00   1.8944787e-01
  -1.1678811e+00  -4.0447675e-04
  -8.1459549e-02  -5.8022100e-01
  -8.0574626e-01  -1.2477264e-03
  -1.1957281e+00  -3.3427254e-01
  -1.2111992e-01  -6.5611538e-01
  -6.5335512e-01  -5.1054417e-01
  -4.9561678e-01  -2.7339550e-01
  -7.5978618e-02  -7.5896751e-01
  -2.5055044e-01  -3.0227976e-01
  -5.0719516e-01  -4.5902372e-01
  -5.8276142e-01  -3.5696829e-01
  -1.1667249e+00  -2.9845420e-01
  -1.4056668e+00  -5.9766899e-01
  -1.3989007e+00   6.0340378e-01
  -1.1312478e+00  -4.8526716e-02
  -8.1317180e-01  -9.0630066e-02
  -3.0663204e-01  -4.4577472e-01
  -7.4757665e-01  -3.3036162e-01
  -8.1106234e-01  -5.6061170e-01
  -8.6724248e-01  -9.4898343e-02
  -5.6216553e-01  -5.8228398e-01
  -4.2729654e-01  -3.6684853e-01
  -1.7344760e-01  -5.5361564e-01
  -1.5297342e+00   2.3815387e-01
  -1.7355734e+00   4.9150746e-01
  -1.4039795e+00  -3.3499008e-03
  -1.0629249e+00  -3.9599174e-01
   2.5658734e-01  -3.4284339e-02
  -8.9875505e-01  -2.2039547e-01
  -7.0836447e-01  -2.5815391e-01
  -1.6846683e-01  -6.1167636e-01
  -1.6412375e+00  -1.5928045e-01
  -8.4933809e-01  -2.7204415e-02
  -1.6837067e+00   6.5138924e-01
  -6.7568612e-01  -1.7323434e-01
  -1.1913840e+00   1.5120833e-01
  -1.3414928e+00  -3.7135587e-01
  -1.5006107e+00  -8.4991481e-02
  -1.2147332e+00  -1.3668238e-01
  -1.5841704e+00   6.4759737e-01
  -1.1529217e+00   1.5377033e-01
  -2.4423041e-01   1.7596221e-01
  -7.5897083e-01  -5.4794306e-02
  -8.6026861e-01  -3.1999160e-01
  -1.1704650e-01  -2.3486443e-01
  -7.6440206e-01  -5.4254270e-02
  -9.8332615e-01  -4.6719760e-01
  -5.3083916e-01  -9.6336011e-01
  -1.3014939e+00   4.9733077e-01
  -1.1299108e+00   8.8710747e-02
  -1.5142507e+00   4.2557968e-01
  -1.3469604e+00   1.8861583e-01
  -7.3219575e-01  -3.6142062e-01
  -1.3410013e+00   1.1697884e-01
  -1.7033628e+00   8.2680917e-01
  -1.5558854e+00   3.7576283e-01
  -6.3554378e-01  -4.7847981e-01
  -1.0844277e+00  -6.3788049e-02
  -2.3727594e-01   4.5259454e-01
  -1.2054487e+00  -5.3166265e-01
  -1.4772297e+00   6.9098464e-01
  -1.5425057e+00   6.0929934e-01
  -1.2748040e+00  -2.6296452e-01
  -1.1432253e-01  -1.8344846e-01
  -2.6826863e-01  -1.2722521e-01
  -1.1617635e-01   1.9412730e-02
  -1.0690204e+00  -9.7275251e-02
  -1.0436588e+00  -5.1984978e-01
  -1.3588335e+00  -1.7851704e-01
  -1.2437254e+00  -3.4205882e-01
  -1.1741283e+00  -4.9805303e-01
  -1.2247838e+00  -5.5105167e-01
  -1.5021472e+00   1.5231515e-01
  -9.2274209e-01  -5.9419826e-01
  -1.1546404e+00  -1.1351645e-01
  -3.2224979e-01  -9.3583868e-01
  -5.0862645e-01  -4.4290131e-01
  -2.8400563e-01  -5.2585618e-01
  -1.0492172e-01  -1.6575205e-01
  -8.5862920e-01  -3.2495578e-01
  -3.3349415e-01  -7.0265770e-01
  -1.4223607e+00   7.9708459e-01
  -1.4521646e+00   2.1081649e-01
  -2.9945878e-01  -2.4894953e-01
  -4.7075079e-01  -5.1969947e-01
  -1.1330703e+00  -5.5619706e-02
  -1.5439571e+00   1.5199380e-01
  -9.4566205e-01  -6.5924233e-01
  -1.2351470e+00   1.0150338e-01
  -9.1625566e-01  -3.8669904e-01
  -6.2686961e-01  -2.5863072e-01
  -7.6074098e-01  -7.1624985e-01
  -1.1291486e+00  -4.2589402e-01
  -1.0124902e+00  -4.0231209e-01
  -1.0831310e+00   1.5607602e-02
  -7.6751458e-01  -6.2162575e-01
  -1.4701052e+00  -8.7341150e-02
  -9.3985435e-01  -6.7652095e-01
  -3.4217333e-01  -5.0190025e-01
  -6.9972319e-01  -1.1828838e-01
  -1.7212288e+00   1.9715381e-01
  -1.3082719e+00  -3.8070236e-01
  -1.3825533e+00  -1.1770396e-02
   1.3884352e-01   3.5671844e-02
  -1.4696953e+00  -1.1677131e-01
  -7.3998378e-01  -3.2254346e-01
  -1.3227860e+00   2.3742768e-01
  -1.1007024e+00  -6.7132016e-02
  -4.4133341e-01  -5.7516391e-01
  -8.2858474e-01  -2.1241176e-01
  -1.5787267e+00   1.3739087e-01
  -1.4397226e+00  -1.2057318e-01
  -6.7751755e-01  -1.5327075e-01
  -4.9052163e-01  -9.9997363e-01
  -6.2805145e-01  -3.5016198e-01
  -9.3757384e-01  -2.5160202e-01
  -1.0445461e+00  -4.4031748e-01
  -1.5453444e+00   3.0331596e-01
  -6.6470591e-01  -5.6457158e-01
  -5.1757014e-01  -6.7839514e-02
  -1.4918792e+00   4.7653796e-01
  -3.7924865e-01  -5.9542509e-01
  -1.2132699e+00  -4.6383528e-01
  -7.7720823e-01  -3.4947356e-01
  -6.9508381e-01  -2.1513640e-01
  -1.5104588e+00   4.3679883e-01
  -1.4001634e+00  -2.5559341e-01
  -8.6483876e-01  -4.1881223e-01
  -1.5759667e+00   1.1498021e+00
  -1.0540308e+00  -1.9305044e-01
  -8.3250929e-01  -7.9089414e-01
  -1.3765809e+00   4.1562977e-01
  -6.9184893e-01  -5.0377639e-01
  -1.4599908e+00   7.5154024e-02
  -1.1434351e+00  -2.8473065e-01
  -5.5777133e-01  -4.9634206e-01
  -3.5759969e-01  -6.4594778e-01
  -1.9793422e-01  -3.6440286e-01
  -3.8611152e-01  -3.9762176e-01
  -3.7470669e-01  -5.5411846e-01
  -7.8289634e-01  -2.7108656e-01
  -4.7865703e-01  -5.5854021e-01
  -9.1683678e-01  -2.7742663e-01
  -1.6023378e+00   4.3856358e-01
  -1.1208670e+00   4.2835194e-02
  -1.1102887e+00  -4.3521061e-01
  -1.7265251e+00   6.1383280e-01
  -7.8485258e-01  -1.9410877e-01
  -7.3413095e-01   2.7689471e-02
  -2.2813700e-01  -2.6078301e-01
  -1.1766154e+00  -1.8934155e-02
  -9.5967777e-01  -3.0632193e-01
  -8.9998077e-01  -3.9798596e-01
  -1.3439692e+00  -1.9518963e-01
  -3.9690483e-01  -7.5757189e-01
  -1.1524898e+00  -2.7471389e-01
  -4.2946542e-01  -6.5193642e-01
  -1.3073040e+00  -8.6978210e-02
  -2.1993056e-01  -9.4102493e-02
  -9.8199074e-01  -6.5594146e-01
  -8.3738073e-01   2.4984599e-02
  -9.7592014e-01  -3.0760350e-01
  -6.0873343e-01  -7.6397314e-01
  -1.6393609e+00   1.0468455e-01
  -1.4200819e+00   1.1055278e+00
  -1.4552404e+00   5.2589869e-02
  -4.4223270e-01  -4.5173920e-02
  -6.9374347e-01  -9.0691920e-02
  -1.0248028e+00  -1.8568958e-01
  -7.5691926e-01  -4.8330832e-01
  -1.1623046e+00  -1.8336028e-01
  -8.4112242e-01  -5.6858790e-01
  -1.1885324e+00  -3.1466296e-01
  -1.0273776e+00  -3.0807886e-01
  -4.3588241e-01  -1.0137653e+00
  -1.0088067e+00  -3.0356889e-01
  -1.0379840e+00  -7.0869457e-01
  -1.2358864e+00  -1.8955978e-01
  -1.8397116e+00   5.1498378e-03
  -7.9607054e-01  -8.3013452e-01
  -1.5483699e+00   7.4313752e-01
  -9.5080388e-01  -5.7346312e-01
  -1.0112296e+00  -5.7175416e-02
  -7.0040752e-01  -3.9103857e-01
  -9.6626442e-01  -3.9200054e-01
  -8.5689272e-01  -2.8653527e-01
  -6.2720977e-01  -4.7911639e-01
  -1.7987613e+00   6.2525420e-01
  -1.1859334e-01  -1.9264194e-01
  -4.4873848e-01  -5.3021826e-02
  -6.3499659e-01  -5.1559702e-01
  -1.4254330e+00   1.5269582e-01
  -1.0699080e+00  -3.1222917e-01
  -1.4392378e+00  -3.0494749e-01
  -7.8271524e-01  -3.0699756e-01
  -1.4638800e+00   3.0272416e-02
  -1.4502824e+00   7.7496742e-02
  -1.1221317e+00  -7.3964181e-02
  -4.8026074e-01  -1.0981885e-01
  -9.3881993e-01  -4.9270106e-01
  -1.2732604e+00  -4.9959038e-02
  -3.5457959e-01  -5.3912468e-01
  -1.2539341e+00  -5.0677754e-01
  -1.3741499e+00   5.3919023e-01
  -9.2203842e-01  -7.9807736e-01
  -1.4379691e+00   1.3469417e-01
  -1.5383125e+00   5.9962326e-01
  -1.5414061e+00  -5.4140909e-03
  -7.8022429e-01  -4.1070103e-01
  -2.3911327e-01  -3.8565151e-01
  -5.1735506e-01   1.3684986e-01
  -1.1006208e+00  -4.7013387e-01
  -1.2462075e+00  -4.4316896e-02
  -7.8329344e-01  -2.8322478e-01
  -9.2058243e-01  -2.0340383e-01
  -1.4629343e+00  -1.6202050e-01
  -1.6321466e+00   4.4608582e-01
  -1.4246255e+00   4.8240350e-01
  -2.3526736e-01   5.1961336e-02
  -1.4659272e+00  -2.1707538e-01
  -4.5853103e-01  -3.4959729e-01
  -6.1441325e-01  -8.2452170e-01
  -1.4720617e+00   7.6359199e-01
  -2.8724052e-01  -5.1182959e-01
  -8.1317063e-01  -2.3610367e-01
  -6.2688621e-01  -4.1308235e-01
  -1.3612000e+00   3.7337670e-01
  -1.6862214e+00   3.2857388e-01
  -9.3777220e-01  -6.6571474e-01
  -1.0812962e+00   1.2246542e-01
  -7.9548046e-01  -4.6957662e-01
  -5.1472707e-01  -1.0902034e-01
  -4.3947351e-01  -2.4560655e-01
  -8.7086183e-01  -8.9129873e-01
  -1.0659294e+00  -1.6272493e-01
  -8.2838213e-01  -6.7713211e-01
  -1.3523074e+00  -2.5078481e-02
  -9.3223200e-01  -3.2407560e-01
  -1.2300016e+00   2.6325002e-01
  -1.0008843e+00  -7.2101502e-01
  -1.0961688e+00  -6.1643302e-01
  -5.8355063e-01   1.3430644e-03
  -1.3993111e+00  -7.7455512e-03
  -5.3757523e-01  -4.7306225e-01
  -9.5891773e-01   1.8894406e+00
  -6.9248332e-01  -5.7117907e-01
  -8.2623408e-01  -1.5314453e-01
  -8.4698585e-01  -1.8091211e-01
  -9.4132048e-01  -5.5674868e-01
  -1.2751076e+00  -3.4117530e-01
  -1.0963088e+00   2.0507798e-01
  -7.1872830e-01  -1.3627417e-01
  -5.5339032e-01  -8.1772123e-01
  -1.5772333e+00   8.4331701e-01
  -1.3770094e+00  -2.1165923e-01
  -6.4239493e-02  -8.7069389e-01
  -2.5238192e-01  -6.3937744e-01
  -3.5268534e-01  -3.7506078e-01
  -1.4702163e+00   2.4917781e-01
  -2.3579524e-01   3.5739543e-02
  -1.3781000e+00   9.5211309e-02
  -1.1493306e+00  -1.9677256e-02
  -4.6023720e-01  -3.5123493e-01
  -7.3589011e-01  -2.9284156e-01
  -1.0938494e+00  -1.3955651e-02
  -5.2114477e-01  -2.9660109e-01
  -6.0209755e-01  -2.6423573e-01
  -1.7740021e+00   6.1901997e-01
  -8.5044537e-01  -4.0063738e-01
  -6.8180317e-01  -6.4456528e-01
  -1.3386699e+00  -3.3911444e-01
  -1.6707171e+00  -2.8634729e-02
  -1.3519977e+00  -5.2853422e-02
  -7.3849213e-01  -1.4469293e-01
  -9.3641974e-01  -6.5031652e-01
  -4.7480173e-01  -7.0789946e-01
  -5.2680426e-01  -5.2813558e-01
  -5.5154972e-01  -8.4047826e-01
  -1.7164905e-01  -5.8309108e-01
  -6.9396355e-01   2.6386644e-02
  -3.6076305e-01  -6.0879437e-01
  -4.1717852e-01  -1.6892869e-01
  -3.1917370e-01  -1.2846876e-01
  -6.0017023e-01  -6.7622173e-01
  -1.0142063e+00  -6.6124099e-01
  -4.8307049e-01  -8.7877935e-02
  -7.0588685e-01  -1.7731991e-01
  -5.5797145e-01  -3.7435559e-01
  -7.3842030e-01  -4.5116254e-01
  -4.5036163e-01  -3.4261470e-01
  -5.4922015e-01  -5.4415404e-01
  -5.6136983e-01  -2.3780674e-01
  -7.1894317e-01  -2.1529053e-01
  -1.2014337e+00  -2.5895385e-01
  -7.9695088e-01  -8.5056211e-02
  -8.2938086e-01  -6.9228956e-01
  -1.2335819e+00   1.4038655e-01
  -1.0854761e+00  -2.9212582e-01
  -4.9288863e-01  -3.9016249e-01
  -1.8965460e-01  -2.4627687e-01
  -3.6625005e-01  -3.7820872e-01
  -9.1628271e-01  -2.3104169e-01
  -1.2498182e+00  -4.8770855e-01
  -2.3044397e-01  -5.2851587e-01
  -6.6252724e-01  -3.7788335e-01
  -1.3443827e+00  -4.5342002e-01
  -6.7645689e-01  -3.3687108e-01
  -1.2018222e+00  -1.4219419e-01
  -7.7195180e-01  -1.9674197e-01
  -8.7890280e-01  -2.3551999e-02
  -9.8011426e-01  -5.2640627e-01
  -9.2131417e-01  -2.0747139e-01
  -1.3849615e+00   1.2599750e+00
  -4.4035668e-01  -2.0567689e-01
  -1.4471777e+00   1.2426818e-01
  -6.5332961e-01  -5.7874790e-01
  -2.2542072e-01  -2.8963390e-01
  -1.6281361e+00   5.2775288e-01
  -9.7338035e-01  -1.2898528e-01
  -1.3506259e+00  -1.4930810e-01
  -1.1504450e+00  -1.5506745e-01
  -1.4944041e+00   7.9393564e-01
  -1.0180389e+00  -3.1164003e-01
  -2.8785661e-01  -5.7601626e-01
  -3.4197623e-01  -6.6358937e-01
  -8.6477189e-01  -9.0174939e-01
  -1.0835811e+00  -2.8301065e-01
  -1.1734287e+00  -3.2702505e-01
  -1.7618478e-01   6.6138570e-02
  -1.7188828e+00   5.6495187e-01
  -6.3093800e-01  -3.4794261e-01
  -1.3572153e+00  -4.3640255e-02
  -8.0727804e-01  -2.7010687e-01
  -1.3095152e+00   4.3753904e-01
  -1.4223912e+00  -1.8528600e-01
  -1.2952513e-03  -3.6511667e-01
  -2.7326273e-01  -4.9552962e-01
  -1.0222881e+00   1.2592109e-01
  -1.1441020e+00  -1.9881247e-01
  -8.3638822e-01  -3.9901032e-01
  -5.6144479e-01  -9.7709240e-01
  -9.0973068e-01   4.6965846e-02
  -1.5028001e+00   7.3228335e-03
  -1.3721472e+00   1.2391280e-01
  -1.2033082e+00   1.0824887e-01
  -1.1047099e+00   1.0019527e-01
  -1.3407823e+00  -3.4797805e-01
  -9.1814627e-01  -2.6773820e-01
  -1.4812229e+00  -1.1241551e-01
  -9.5668494e-01  -9.3531206e-02
  -6.6067637e-01  -1.7766140e-01
  -1.3985013e+00   1.5457235e-01
  -5.2849377e-01   1.6913768e-01
  -1.2722974e+00  -2.1375113e-01
  -4.9175857e-01  -1.3910155e-01
  -1.2740798e+00  -4.7872189e-01
  -1.4388455e+00  -4.5348448e-03
  -1.0363316e+00  -3.6377533e-01
  -3.6566873e-01  -9.8751484e-02
  -1.0905556e+00  -4.6590066e-01
  -8.8193456e-01  -7.1148669e-01
   1.8821305e-01  -4.4381564e-01
  -1.2251164e+00  -2.7027430e-01
  -1.0078637e+00  -4.8889542e-01
  -1.0081560e+00   4.2120304e-01
  -1.5985625e+00  -5.0327201e-02
  -1.2286337e+00  -7.5926915e-02
  -1.6364558e+00   8.9896099e-01
  -1.2378628e+00  -3.6259043e-01
  -1.5031126e+00  -1.1714431e-01
  -7.5375414e-01  -5.5012417e-01
  -8.5572103e-01  -7.5091110e-01
  -1.3377379e+00   7.5309652e-02
  -1.4862601e+00   8.1337035e-02
  -1.4102198e+00   1.3615612e+00
  -1.3027471e+00   4.5026747e-02
  -5.0328966e-01  -2.4659927e-01
  -1.5104703e+00   1.0510484e-01
  -3.9891713e-01  -6.9322970e-01
  -5.2365454e-01  -7.7862069e-01
  -5.0758397e-01  -4.2878127e-01
  -8.1194072e-01  -3.4692184e-02
  -9.7394060e-01   9.6000041e-02
  -9.2746361e-01  -5.2779586e-01
  -6.9002613e-01  -6.2598761e-01
  -8.5956856e-01   1.9510577e+00
  -1.1354573e-01   7.2692959e-02
  -7.9060516e-01  -4.6380986e-01
  -1.5412979e+00   1.1858486e+00
  -1.0060403e+00  -3.4862969e-01
  -1.3004977e+00  -2.1538826e-02
  -1.1556990e+00  -4.6545781e-01
  -7.7840275e-01  -5.1129226e-01
  -1.0599894e+00  -3.4398177e-01
  -1.0878066e+00  -2.7019193e-02
  -4.5167474e-01  -5.3147026e-01
  -1.1087201e+00  -1.9974583e-01
  -1.2770917e+00  -4.0552999e-03
  -6.6610225e-01  -2.7695849e-01
  -1.5537305e+00   3.2159692e-01
  -5.3451739e-01  -4.7917788e-01
  -8.2164616e-01  -3.9780503e-01
  -6.0328219e-01  -4.3120765e-01
  -1.0533624e+00  -5.2226791e-01
  -2.3414151e-01   1.0125595e-01
  -7.2549717e-01  -3.6267141e-01
  -1.1628080e+00  -9.1925946e-01
  -6.7209302e-01  -4.4523780e-01
  -1.1222137e+00  -6.0104555e-01
  -1.4998800e+00   2.6695186e-01
  -8.1817266e-01  -6.3925227e-01
  -7.2486039e-01  -3.2484029e-01
  -1.4644467e+00  -5.3792172e-02
  -1.6024979e+00   6.6778910e-01
  -1.6213954e+00   3.9157459e-01
  -9.5078042e-01  -4.5727082e-01
  -1.4757656e+00  -4.0287396e-02
  -2.9560226e-01  -6.2956493e-01
  -1.1887844e+00   9.7369094e-02
  -9.5656054e-01  -3.6772877e-01
  -1.5018194e+00   2.2472413e-01
  -1.2184896e+00  -2.3234037e-01
  -8.8473447e-01  -7.8793004e-01
  -7.3764517e-01  -3.0186305e-01
  -5.9874616e-01  -6.5126117e-01
  -1.3907258e+00  -1.4668727e-01
  -7.4345955e-01  -1.1071883e-01
  -1.4635100e+00  -1.8207172e-01
  -1.0761249e+00  -1.9545318e-01
  -1.3674579e+00   4.0996127e-02
  -4.5107529e-01  -4.9162824e-01
  -1.5683778e+00  -5.8467141e-01
  -1.2149465e+00   5.9392918e-02
  -7.1233933e-01  -6.1389296e-01
  -5.0384018e-01  -2.3887619e-01
  -1.4442510e+00  -1.1950093e-01
  -9.6276024e-01   1.2789767e-01
  -2.4102015e-03  -8.4895117e-02
  -1.2954411e+00  -1.6244587e-01
  -1.3497071e+00   1.3608993e+00
  -9.4368730e-01  -2.6802768e-02
  -1.3839054e+00   3.6437435e-01
  -1.3780912e+00   1.4419969e-02
  -1.4550945e+00   3.7007748e-01
  -5.3844945e-01  -2.4088774e-01
  -8.6434507e-01  -6.8816998e-01
  -1.2938412e+00   1.4339070e+00
  -1.3942954e+00   2.9927404e-02
  -9.3236020e-01  -4.9387841e-01
  -7.8055231e-02  -2.9365566e-01
  -6.5181374e-01  -4.5949769e-01
  -6.0046712e-01   4.2244965e-02
  -1.0616962e+00  -3.9022335e-01
  -1.2206847e+00   3.9692309e-01
  -1.0146523e+00   2.5369130e-01
  -3.6681815e-01  -4.9618417e-01
  -1.2642384e+00   9.6225854e-02
  -5.3518753e-01  -3.5854831e-01
  -1.3892228e+00   1.3730409e+00
  -1.1507011e+00  -2.5212618e-01
  -2.5186287e-01  -3.7020309e-01
  -6.5640180e-01  -3.0131208e-01
  -9.0997388e-01  -4.5823795e-01
  -3.8769023e-01  -3.8526325e-01
  -3.7118663e-01  -3.3561735e-01
  -1.2809363e+00  -2.9864029e-01
  -1.6734871e+00   4.3801039e-01
  -7.6468004e-01  -7.4927261e-02
  -4.9061016e-01  -8.7177680e-01
   3.9694995e-01   9.9838789e-01
  -4.4840320e-02   5.5589192e-01
   2.2099437e-01   7.3726619e-01
   7.9385180e-01   1.3499597e+00
   6.3413157e-01   1.1583734e+00
   1.0478566e+00   1.0907885e+00
   2.0831019e-01   8.1380900e-01
   3.1279286e-01   1.2540007e+00
   1.7450836e-01   1.2525123e+00
  -1.9489665e-01   4.8665289e-01
  -7.6321534e-02   4.0201292e-01
   6.3130016e-01   1.1533755e+00
  -1.3469404e-01   5.5422869e-01
   2.2247661e-01   8.2458515e-01
   4.9159760e-02   6.0568829e-01
  -2.1064826e-01   9.9030594e-01
   9.1799851e-01   1.1785099e+00
   4.2781984e-01   6.3885265e-01
   8.2372870e-01   1.3667896e+00
   8.4693807e-01   1.2261045e+00
   1.8635095e+00   5.6364061e-01
   6.5281988e-02   6.7375121e-01
   1.0126697e-01   9.2506333e-01
  -1.3886233e-01   1.0404792e+00
   2.0183513e-02   3.9660512e-01
  -1.6331242e-01   1.1903875e-01
  -1.7928780e-01   7.3279209e-01
  -5.1285517e-03   7.2312756e-01
  -2.8516634e-01   9.4847329e-01
   2.1885570e-01   1.3627713e+00
   1.1347944e+00   1.2835805e+00
  -4.8816818e-01   7.0447796e-01
  -3.2381599e-02   1.9647981e-01
   1.7259628e-01   8.5748134e-01
   3.6433778e-01   1.0046886e+00
   6.4206520e-01   9.5851810e-01
   1.0904172e+00   1.0808799e+00
  -7.6114277e-01   8.4951715e-01
   1.3062445e+00   9.9153888e-01
   6.1565103e-01   1.0669207e+00
  -6.6383681e-03   1.1009156e+00
   1.4538316e-01   5.8424817e-01
   9.2770958e-01   1.0858794e+00
  -7.4478698e-01   9.2410110e-02
   3.0134848e-01   1.1578641e+00
  -9.1464374e-02   1.4744021e+00
   1.3093962e-01   1.0748990e+00
   1.9046717e-01   1.0546065e+00
   1.0763225e+00   9.5441275e-01
  -8.2072969e-02   6.8768731e-01
   2.6573682e-01   9.2863744e-01
   1.5858334e-03   1.1374204e+00
   1.6899854e-01   9.1538915e-01
   1.2018788e-02   4.0770626e-01
  -2.8051483e-01   3.2016982e-01
   1.1534879e-01   7.4128987e-01
   1.2099625e+00   9.5596806e-01
   7.4857281e-01   1.0370842e+00
   3.2496307e-02   7.3378134e-01
   1.9032337e-01   7.5712308e-01
   4.1284717e-01   1.0340760e+00
  -1.4530299e-01   7.0012279e-01
   5.7888855e-01   1.5181523e+00
   1.5644390e-01   7.9663068e-01
   4.4363910e-01   1.3342068e+00
   1.1456567e+00   1.1737918e+00
  -1.4946800e-01   9.2503763e-01
   2.0598520e-02   1.1475178e+00
  -4.4502435e-01   7.5538031e-01
  -2.9414933e-01   1.0160372e+00
  -2.0486880e-01   5.8996978e-01
   6.6217019e-01   1.0965496e+00
  -2.9323418e-01   6.5276392e-01
   3.4198433e-01   1.2551578e+00
   6.7978466e-02   7.1489260e-01
   5.4300822e-01   1.0252497e+00
   5.9285886e-02   1.1737821e+00
   4.0273818e-01   8.7735771e-01
   4.1090062e-01   8.5702237e-01
   5.2720389e-01   1.2207857e+00
   6.7832075e-01   1.5836081e+00
  -2.0997621e-01   7.4022092e-01
  -3.3186231e-01   4.3767747e-01
  -1.1073834e+00  -1.3598110e-01
   1.5407154e-01   9.7551840e-01
   4.2666889e-01   1.3520463e+00
  -3.1080494e-01   8.1065260e-01
   2.8189898e-01   5.3033315e-01
   7.9569892e-01   1.1540432e+00
   3.7718704e-02   1.0807666e+00
   6.7030952e-01   8.7150896e-01
   3.5289118e-02   1.1674080e+00
   4.1147113e-01   1.2406204e+00
   1.8091330e-02   9.9254982e-01
   1.7358558e+00   6.9060629e-01
   5.9119700e-01   1.1113546e+00
  -1.5975615e-01   7.0711033e-01
  -1.3813629e-01   1.0414427e+00
  -8.2118768e-03   6.3253152e-01
   6.2510645e-01   9.0638865e-01
   3.8156914e-01   1.4539968e+00
   2.3479391e-01   1.3029260e+00
  -2.6612130e-01   1.1944899e+00
  -8.9281099e-02   8.4838751e-01
   3.9201589e-01   1.0789786e+00
   1.7893237e-02   4.3926956e-01
   6.0223533e-02   9.8044823e-01
   1.5416161e+00   9.1289174e-01
   3.2522371e-03   8.9795135e-01
  -2.5512337e-01   8.7972857e-01
   4.5746117e-01   5.8713205e-01
   3.6892343e-01   1.1233721e+00
   2.0807353e-01   1.0774416e+00
   8.7365375e-03   1.0373112e+00
   1.1215741e+00   1.0684622e+00
   3.1369083e-01   1.1958273e+00
   8.6276127e-01   1.2715744e+00
   4.6318342e-01   1.4816728e+00
   2.0414131e-01   1.1496860e+00
   1.9815886e-01   1.2090504e+00
   7.1829776e-02   1.0437308e+00
   6.5207737e-01   1.4058198e+00
   9.3095947e-01   1.0378151e+00
   1.9872097e+00   3.6471588e-01
   1.9367603e-01   9.5408146e-01
   1.0051462e-01   1.4654173e+00
   1.9125542e+00   6.5620124e-01
   1.5063414e+00   8.8638337e-01
   6.0755018e-01   1.0289065e+00
   1.9032893e-02   6.0498859e-01
   1.1380182e+00   9.5180452e-01
   7.0669211e-01   1.1523502e+00
  -2.2909160e-01   1.0038180e+00
  -3.2621334e-01   6.2762938e-01
  -7.7256531e-01   5.1437847e-01
   7.4087121e-02   8.6675993e-01
  -6.3243332e-03   8.3895523e-01
   1.7220453e-01   8.9199800e-01
   1.7071957e-01   5.4323156e-01
  -3.1005883e-02   6.7891695e-01
   6.3923793e-01   1.3970804e+00
   2.5684888e-01   9.5954211e-01
  -5.2185219e-02   1.0662216e+00
   9.0452454e-02   1.0025207e+00
   3.3438548e-01   1.0333821e+00
   3.3222989e-01   6.8992326e-02
   5.5341793e-01   1.4635437e+00
   9.5211916e-01   1.1886897e+00
   2.9834828e-01   1.2170260e+00
   1.1296596e+00   1.0204620e+00
   5.5798882e-01   1.0949979e+00
   5.1228376e-01   3.5569784e-01
   9.3889286e-02   8.5589430e-01
   3.5205098e-01   1.1041665e+00
  -3.4320867e-01   6.8381936e-01
  -9.6088902e-02   1.1140489e+00
   3.1449370e-01   1.2348755e+00
   8.7298030e-01   1.2584452e+00
   3.3886995e-03   1.0311275e+00
   3.1285628e-01   8.9944987e-01
   2.2455781e-01   5.4647389e-01
   2.0767204e-01   1.0443969e+00
  -3.8393386e-01   5.1903708e-01
   1.4400416e-01   6.5234987e-01
   5.3060575e-01   1.0771006e+00
   6.3602929e-01   1.1083570e+00
   4.3103463e-01   8.4317028e-01
  -1.1682106e-01   6.5995160e-01
   7.5774493e-01   1.1914474e+00
  -4.1945848e-01   1.3690689e+00
  -1.0187469e-01   9.7443044e-01
  -6.3065091e-04   6.9148347e-01
  -1.6868868e-01   7.3506230e-01
  -7.0279801e-02   6.7098009e-01
   5.6179647e-01   9.6013419e-01
   1.3708797e-01   9.1263770e-01
  -1.9306274e-02   4.9073289e-01
   1.2974003e-01   6.4300771e-01
   2.1098016e-01   4.1463117e-01
   2.0328034e-01   6.1353108e-01
   4.3754647e-01   1.0413391e+00
  -1.4181510e-01   8.0487556e-01
   4.5283815e-01   1.0693155e+00
   1.0359440e-01   1.1313243e+00
   5.6551160e-01   9.7633174e-01
   2.5731598e-02   8.6751340e-01
  -7.1601994e-01   7.1021165e-01
   4.0769178e-01   1.0948284e+00
   7.1238967e-01   1.0643585e+00
   1.8503775e-01   9.4162501e-01
   5.6276659e-01   1.3326843e+00
  -4.8231993e-02   7.0922306e-01
   5.1500407e-01   9.3371724e-01
   4.0135846e-01   1.1047842e+00
   8.5881954e-01   1.3026696e+00
  -2.4972918e-01   9.8838213e-01
   1.7725272e+00   6.0151905e-01
   7.4540206e-01   1.0708377e+00
   2.4083054e-01   1.1657196e+00
   6.4206804e-02   3.6912549e-01
   6.8835531e-01   9.3442289e-01
  -1.7179765e-01   2.2197857e-01
   3.7140916e-01   8.2714919e-01
  -1.2354957e-02   5.6651666e-01
   4.8147597e-01   1.0864288e+00
   3.7779373e-01   1.0909253e+00
   9.8508901e-01   1.0969326e+00
  -1.7614853e-01   1.2526397e+00
   1.7006858e+00   6.4373135e-01
   2.1278145e+00  -5.0758366e-01
   8.3565345e-01   9.1382307e-01
   4.7358799e-01   1.1058807e+00
  -3.6785483e-01   8.7817627e-01
   4.2806904e-01   9.3187388e-01
  -1.0084441e-01   1.4061088e+00
  -4.4734816e-01   4.7266038e-01
   6.0031105e-01   1.2449688e+00
   2.3274015e-01   1.1707428e+00
   7.2413041e-01   1.2253390e+00
   1.3371888e-01   5.1938996e-01
  -1.4204508e-01   1.0192014e+00
   3.6943846e-01   6.5530348e-01
   6.6188458e-01   1.1063539e+00
   2.4399237e-01   1.2994484e+00
   2.5938036e-01   7.4144111e-01
  -2.3516672e-01   3.6264139e-01
   3.0751426e-01   7.3921154e-01
   8.0605885e-01   1.3797086e+00
   1.7369722e-01   9.2719228e-01
   1.3228560e+00   1.2767624e+00
   4.0486676e-01   7.7313651e-01
  -3.4933697e-01   5.6186292e-01
  -1.0143482e-01   6.2152744e-01
  -1.0855267e-01   1.1955042e+00
   7.1042769e-01   1.0621629e+00
   2.8238572e-01   3.0424219e-01
   9.6373614e-01   9.2246595e-01
   4.7728568e-01   1.0354978e+00
   5.1044267e-01   1.1874089e+00
   5.3374914e-01   1.2870088e+00
  -6.8740049e-01   6.4275926e-01
  -8.6678620e-01   3.4244016e-01
  -5.0450102e-02   2.9767799e-01
   1.8560419e-01   1.2437989e+00
   2.6674185e-01   1.4210213e+00
  -2.3296712e-01   6.3113444e-01
   1.0076221e+00   1.1030536e+00
   1.4167724e+00   9.6609916e-01
   1.3708999e+00   9.4168017e-01
   6.0941273e-01   1.3279747e+00
   9.2604773e-01   1.1661670e+00
   7.5383557e-01   1.1922076e+00
   1.0451473e+00   1.1810605e+00
   1.1276471e-01   1.3241830e+00
   1.7752207e-01   1.0132597e+00
   1.3240550e+00   1.0670040e+00
   8.1822793e-01   1.1350496e+00
   1.7862866e-01   3.7516366e-01
   8.8839116e-02   1.0045139e+00
   1.3846056e-02   5.4760895e-01
   1.6538151e+00   9.3407917e-01
   3.7967753e-01   6.6715692e-01
  -2.4252429e-01   4.7359739e-01
   1.1711151e+00   9.3303246e-01
   6.5886448e-01   1.1642827e+00
   1.3031466e+00   1.0246116e+00
   1.2415509e+00   1.0712767e+00
  -3.5252672e-01   7.2736250e-01
   1.0177193e+00   1.2061932e+00
   7.6189202e-01   1.2363910e+00
   1.1541081e-01   9.9268368e-01
   1.5951506e+00   7.7194195e-01
   6.0455055e-02   1.2971992e+00
   5.2322043e-01   1.1768994e+00
  -7.1211664e-02   1.1901978e+00
   9.5261298e-01   1.1644236e+00
   1.1700212e+00   1.0613092e+00
   2.1005543e+00  -1.6731496e-01
   2.1708450e-01   9.8022144e-01
   9.3102218e-01   1.1612609e+00
   2.8764729e-02   1.0013126e+00
   8.6691595e-01   1.3498522e+00
   3.7379037e-01   1.2804249e+00
   1.0884664e-01   9.0206558e-01
   3.9097114e-01   8.6274174e-01
   3.2898781e-01   4.6946939e-01
   1.8141314e-01   3.8522148e-01
   2.8133479e-01   1.0156968e+00
   4.8014359e-01   1.5669105e+00
   3.9664356e-01   6.6894085e-01
   2.0934203e-01   8.3097604e-01
   3.9561884e-01   1.3738553e+00
   2.2148971e-01   6.1672066e-01
   1.7310821e-01   7.6611865e-01
  -4.0172439e-01   4.9361423e-01
   5.3029283e-02   1.2584265e+00
  -2.4434994e-01   1.5359127e-01
  -2.6609504e-01   4.7834084e-01
   1.2046265e-01   1.2798811e+00
   3.4827503e-01   6.5642729e-01
  -2.5486667e-03   1.0965764e+00
   9.5563315e-01   1.1298962e+00
   1.5616724e-01   1.2934473e+00
  -2.2707144e-01   9.7956711e-01
  -8.8082215e-02   8.4984366e-01
  -4.2806717e-01   2.9175607e-01
  -1.3154229e-01   3.4800855e-01
   2.4217734e-01   1.2546900e+00
  -2.5620953e-01   6.3505210e-01
   2.8356247e-01   9.8705920e-01
   8.3646398e-01   8.6888663e-01
   4.6890750e-01   1.1009174e+00
   4.1201349e-03   6.1938558e-01
  -2.0130291e-01   4.2034028e-01
   4.7681775e-01   1.1778164e+00
  -7.4436075e-02   4.6382037e-01
   3.2587477e-01   1.1088310e+00
   1.0174997e+00   1.2361561e+00
   1.0959358e-01   8.2914865e-01
   3.6606659e-01   1.0239199e+00
   1.0332611e+00   1.2157974e+00
   5.6404811e-01   1.3428904e+00
   1.2922751e+00   1.0807071e+00
   2.6764705e-01   9.1670938e-01
  -6.3982981e-01   4.5132490e-01
   2.4836111e-01   1.0610949e+00
  -5.7854828e-01   8.5396421e-01
  -1.8534573e-01   8.9787581e-01
   2.8225114e-01   8.9548373e-01
  -2.3042550e-01   5.5670565e-01
   2.1093335e+00  -1.8560340e-01
  -1.0223632e-01   3.2046361e-01
   2.6724754e-01   4.0336551e-01
   4.8002512e-01   1.1895801e+00
   2.6718025e-01   5.4334865e-01
   7.4384907e-01   1.2030585e+00
   3.5344800e-01   1.1781619e+00
   1.2967622e+00   1.0145646e+00
   2.8603108e-01   1.3101371e+00
   1.5084062e-01   6.7638653e-01
  -2.2632856e-01   9.1728623e-01
   8.2418303e-01   1.2334896e+00
   6.6055620e-01   1.3694263e+00
   9.1080586e-02   4.9372902e-01
   1.2509542e+00   1.1575091e+00
   2.4866773e-01   9.1104659e-01
   1.7967316e-01   7.2173564e-01
   2.2907747e-01   1.1786464e+00
   7.4818587e-03   8.2971845e-01
   7.1839216e-01   1.2808024e+00
   7.1542561e-01   1.2691268e+00
  -5.3543105e-01   4.7508003e-01
   3.1876122e-01   1.0515165e+00
  -1.2101493e-01   6.4873532e-02
   3.6158573e-01   1.2072852e+00
   2.0516341e-01   1.0339762e+00
   2.0600897e-01   8.1136046e-01
   1.4601579e+00   1.0771249e+00
  -3.6384090e-01   1.1339997e+00
   6.1438912e-01   1.5178665e+00
   1.0200691e+00   1.2939794e+00
   7.4010627e-02   8.4128248e-01
   2.3960542e-01   1.1374858e+00
   3.6106646e-01   8.7896530e-01
   3.4167323e-01   4.1036200e-01
   3.2872423e-01   9.9662759e-01
   7.5890412e-01   1.2620123e+00
  -3.2380008e-01   8.6536704e-01
   2.0157762e+00   2.7774320e-01
   1.0381498e+00   9.9278653e-01
  -1.4379823e-01   8.3601758e-01
  -3.3547206e-01   6.0201634e-01
  -1.6924618e-01   7.0843004e-01
   4.2890874e-01   1.2985137e+00
   6.9807925e-01   1.1574434e+00
   1.3537822e+00   9.9516151e-01
   9.6780850e-01   1.0121412e+00
   7.2040301e-03   8.0588659e-01
   4.4267321e-01   7.3757403e-01
  -1.1312734e-01   2.7815667e-01
  -2.5594213e-01   3.3484955e-01
   1.4235532e-01   8.4092816e-01
  -2.1756738e-01   1.0595859e+00
  -2.6832297e-02   6.9258295e-01
   2.0035013e-01   7.1556032e-01
   1.3215986e-01   1.0874885e+00
   3.0840683e-01   6.3572025e-01
   7.9209939e-01   8.9205390e-01
   2.3864290e-01   1.4395881e+00
   1.9012529e-01   1.4122676e+00
   5.6745749e-01   7.4157559e-01
   8.7419753e-01   1.2706283e+00
   2.1746944e-01   6.8127552e-01
   2.2973785e-01   3.6150665e-01
  -1.6979952e-01   5.0315533e-01
  -5.6851381e-01   5.6758965e-01
   1.1266891e+00   1.1334052e+00
   4.6917756e-02   9.4264689e-01
   6.6271285e-01   9.3621464e-01
   1.3414210e-01   9.4725858e-01
  -1.5004577e-01   1.0247125e+00
   5.2424084e-01   4.9451530e-01
   8.5129567e-01   1.1797490e+00
   3.3708731e-01   1.0307488e+00
   5.4032738e-01   5.9054551e-01
   5.5216832e-01   6.5116272e-01
   1.7270925e-01   5.2950988e-01
   8.9640559e-01   1.2282314e+00
  -2.2155602e-01   9.2911583e-01
  -2.5037258e-01   6.0845626e-01
   2.6860665e-01   1.0183220e+00
   5.9535653e-01   1.1126254e+00
   5.5887368e-01   1.2952218e+00
  -2.3711850e-01  -1.4702350e-01
  -1.9241909e-01   4.1213883e-01
   1.4436735e-01   8.6903098e-01
  -3.1253475e-01   5.1888460e-01
   1.2312506e-01   1.0856971e+00
  -6.2533502e-01   1.1315966e+00
   1.2601208e-01   5.0940045e-01
  -2.1698711e-01   6.7176942e-01
   1.6932260e+00   7.6160392e-01
   7.0245865e-02   5.2566126e-01
   7.4175766e-01   1.1527314e+00
  -6.2602886e-01   5.7424964e-01
   3.6937930e-01   1.2569720e+00
   2.4823686e-01   1.3749151e+00
  -1.8812868e-01   6.4212364e-01
  -3.7989878e-01   5.0247314e-01
   9.6302422e-01   1.1075937e+00
  -2.7301828e-01   7.5881509e-01
   1.1025168e+00   1.1323945e+00
   2.8021237e-01   9.6620232e-01
   2.3819997e-01   3.0378132e-01
  -1.4135417e-02   1.0784296e+00
   1.7135594e+00   7.6579221e-01
   1.7015940e-01   1.2067248e+00
  -2.4410966e-01   8.1374318e-01
   7.7045014e-01   1.1417177e+00
   1.5114020e+00   8.7718689e-01
   8.1362551e-01   1.2831960e+00
  -2.2359826e-03   1.1782596e+00
   2.6403563e-01   8.0933190e-01
   6.7875081e-01   1.1833989e+00
  -1.9012744e-01   6.1308763e-01
   1.0434022e+00   1.0918029e+00
  -3.8711683e-01   1.0728814e+00
   4.3093404e-01   1.1427719e+00
   1.1957934e+00   1.0433886e+00
   1.4808157e+00   8.8331529e-01
   7.7686027e-01   8.8706411e-01
   2.3980518e-01   3.7703673e-01
  -1.4583083e-01   1.3934862e+00
   2.5604322e-01   6.4632955e-01
  -6.7641511e-01   6.6835298e-01
  -7.5372896e-02   5.4391839e-01
   5.3212700e-01   1.0587631e+00
  -3.2447403e-02   4.6403439e-01
  -1.7131457e-01   9.5694776e-02
   1.1209847e+00   9.5583493e-01
   2.2854237e-01   9.8739314e-01
   4.2093419e-02   1.1730328e+00
   2.4351481e-02   1.0039163e+00
   5.9307216e-01   7.2554987e-01
  -4.1117125e-01   1.0102849e+00
   1.9690863e-01   6.9507058e-01
   5.4670648e-01   1.1420656e+00
   2.4937963e-01   7.1181079e-01
   1.5381611e-01   9.0020926e-01
   2.9728368e-01   1.0999759e+00
  -3.0017710e-01   2.4458302e-01
   3.6469251e-01   6.8931234e-01
   7.6876069e-01   1.1648620e+00
  -2.7253640e-01   1.2460962e+00
  -4.6963689e-01   7.9010991e-01
   4.8720227e-01   8.8177806e-01
  -1.7577631e-01   1.0264858e+00
   1.0388831e+00   1.0450709e+00
   3.5912245e-01   8.0678083e-01
  -1.3491383e-01   7.3458901e-01
   2.1381499e-01   9.2411073e-01
   7.6330030e-01   1.1782006e+00
   4.0469153e-01   1.0316798e+00
   5.2933865e-01   1.0543785e+00
   1.2780985e+00   1.2179669e+00
   6.6685124e-01   1.1307449e+00
   3.4459863e-02   8.4758097e-01
   1.1859341e+00   1.0575349e+00
   1.1559264e+00   1.3784169e+00
   1.7028874e-01   5.3336340e-01
   6.6136863e-01   1.1681022e+00
   1.3005698e-01   1.3370469e+00
   1.9151354e-01   7.5166524e-01
   6.4929064e-01   8.4846365e-01
  -1.3704851e-01   1.1807267e-01
   3.4925146e-01   1.3298030e+00
   1.2274166e-01   8.7561539e-01
   4.7951664e-01   1.2346425e+00
   6.9901946e-02   1.2280324e+00
   1.7759577e-01   1.0389932e+00
