   1.2399892e-02  -1.6768343e+00
  -8.5632983e-02  -1.4413964e+00
  -5.8127884e-02  -1.5134760e+00
   3.0633718e-01  -1.2870444e+00
  -3.1197857e-01  -1.4247323e+00
  -2.8275155e-01  -1.1548587e+00
  -1.6993598e-01  -1.3119065e+00
  -7.7369764e-01  -1.6555187e+00
  -6.9029127e-02  -1.0901534e+00
  -7.0036835e-02  -1.1249309e+00
   4.1325133e-02  -1.5933118e+00
  -5.9554180e-01  -1.7011894e+00
  -2.9818190e-01  -1.4715326e+00
  -3.6038740e-01  -9.7656804e-01
  -8.2133041e-02  -1.1510558e+00
  -2.1150963e-01  -1.4291582e+00
   8.1153680e-02  -1.1724560e+00
   1.7789514e-01  -1.6796282e+00
   2.8192048e-01  -1.6766340e+00
  -3.0362338e-01  -1.5940472e+00
   2.5948775e-02  -9.9068599e-01
  -1.4863162e-01  -1.2752470e+00
  -4.1397631e-01  -1.6206041e+00
  -6.2676295e-01  -1.7243370e+00
  -3.4262100e-01  -1.0765859e+00
  -2.7106994e-01  -1.1783005e+00
   3.3452373e-02  -1.3722574e+00
  -1.2308954e-01  -1.4669900e+00
  -9.9868761e-02  -1.3552547e+00
  -1.9656835e-01  -1.3353942e+00
   1.1547373e-01  -1.5233144e+00
   5.2604008e-01  -1.6136711e+00
   6.5422040e-02  -1.3937557e+00
  -5.9271559e-01  -1.1738591e+00
  -1.1339744e-01  -1.5261730e+00
  -3.5630910e-02  -9.9536607e-01
  -6.8396041e-01  -1.4716952e+00
  -1.9876689e-01  -1.2638949e+00
  -7.1592792e-02  -1.3850874e+00
  -1.9105603e-01  -1.4411869e+00
  -1.5624131e-01  -1.6474408e+00
   9.6062733e-02  -1.4923387e+00
  -9.3823236e-02  -1.2229214e+00
   1.2148203e-01  -1.0272103e+00
  -5.0748825e-01  -1.1509926e+00
  -1.7436591e-01  -1.5629795e+00
  -1.8022169e-01  -1.2888158e+00
  -2.0471849e-01  -1.0835463e+00
  -7.3328298e-01  -1.2803679e+00
   1.6704876e-01  -1.3776363e+00
   3.4476946e-01  -1.4474829e+00
  -6.7763904e-02  -1.4042253e+00
  -1.7226327e-01  -1.3057360e+00
   2.2480924e-02  -1.3717074e+00
  -3.4608771e-01  -1.3406560e+00
   1.2587345e-01  -1.5616116e+00
  -1.1775101e-01  -1.1171447e+00
  -3.0513526e-01  -1.2772310e+00
  -3.8452172e-01  -1.4431466e+00
  -1.5694966e-03  -1.0150539e+00
  -1.0187872e-01  -1.2362551e+00
   6.1502283e-02  -1.1633423e+00
   2.4794609e-01  -1.4834159e+00
  -1.2138039e-01  -1.6053022e+00
   4.7358850e-01  -1.3444614e+00
   1.4182209e-01  -1.5670494e+00
  -2.5346083e-01  -1.4513484e+00
  -2.1549031e-01  -1.5029357e+00
  -5.5462586e-02  -1.4207437e+00
  -6.5027200e-02  -1.2029964e+00
  -1.8815014e-02  -1.3131683e+00
  -2.0424752e-01  -1.4462593e+00
  -2.3966313e-01  -1.3594966e+00
   2.1325279e-01  -1.2950537e+00
  -5.7534842e-02  -1.5957939e+00
  -1.4853616e-01  -1.4175829e+00
   3.4600866e-01  -1.2036227e+00
  -6.6557220e-01  -1.3579292e+00
   4.1822071e-03  -1.3637133e+00
  -6.7278270e-02  -1.5801083e+00
  -2.3759413e-02  -1.3614919e+00
  -9.8779823e-02  -9.7789561e-01
  -2.4360934e-01  -1.1017679e+00
   3.3006630e-01  -1.3437047e+00
  -2.8976094e-01  -1.4749805e+00
   1.0593831e-01  -1.1823329e+00
  -5.2256678e-01  -1.1194478e+00
  -2.5470194e-01  -1.4019698e+00
  -4.4845230e-02  -8.7033950e-01
  -2.5736775e-01  -1.5048594e+00
  -1.2210259e-01  -1.4534140e+00
  -2.9878726e-01  -1.1635505e+00
  -2.4421879e-02  -1.3434865e+00
   2.6678340e-02  -1.3782265e+00
  -4.7779641e-01   3.0543749e-01
  -5.0699279e-01   8.4585086e-02
  -4.3157117e-01   1.3721198e-01
  -4.3378255e-01   1.1446424e-01
  -4.7443411e-01  -9.1349918e-03
  -3.1783545e-01   1.2774806e-01
  -4.5520106e-01   1.3377042e-01
  -5.1458021e-01   4.6960024e-04
  -6.3291782e-01   1.6416241e-01
  -5.5372050e-01  -3.4126763e-02
  -5.4666228e-01   6.5208348e-02
  -4.3954407e-01  -1.2058806e-01
  -4.5103847e-01  -1.0835901e-02
  -3.4261803e-01  -1.0268821e-02
  -5.1516446e-01   2.1082664e-01
  -4.4084791e-01   3.6216851e-02
  -4.5450551e-01  -3.1094654e-02
  -4.7902289e-01   7.1230296e-02
  -5.2930974e-01  -3.9822281e-02
  -5.5085467e-01   2.8245843e-02
  -4.2054519e-01   2.2692437e-01
  -5.0591674e-01   9.8122517e-02
  -5.6409986e-01   1.5869117e-02
  -4.8465305e-01   6.2550946e-02
  -3.6648668e-01  -5.1945461e-02
  -5.5045156e-01   2.1375551e-02
  -4.8591400e-01   4.9632548e-02
  -4.7582882e-01   1.9020361e-02
  -4.1201511e-01   5.9691811e-02
  -5.0652023e-01   2.6426135e-01
  -3.5197271e-01  -1.5718034e-02
  -4.8357123e-01   3.3651197e-02
  -5.1902283e-01   1.8851490e-01
  -4.1968935e-01   1.4070663e-01
  -3.1764181e-01   7.2020694e-02
  -4.4650279e-01   6.2684238e-02
  -4.2584541e-01  -7.9342630e-02
  -5.8929896e-01   1.9645387e-01
  -4.3079535e-01   2.0440042e-02
  -4.5588609e-01   8.0866225e-02
  -5.3334875e-01   4.0713834e-02
  -4.7697827e-01   1.2266333e-01
  -4.4749700e-01   2.7584945e-02
  -5.8308941e-01   5.0531810e-02
  -5.0849519e-01  -7.7608929e-02
  -5.4887905e-01  -1.9443382e-02
  -4.2490086e-01   2.5098196e-01
  -3.1856343e-01   2.4507871e-01
  -4.2471315e-01  -6.7934638e-02
  -4.9191965e-01   6.4514626e-02
  -3.6543222e-01   3.1112918e-02
  -5.3976647e-01   4.7312086e-02
  -4.5240652e-01   2.7041058e-01
  -5.0659650e-01   1.4753318e-01
  -4.9999114e-01   9.8692554e-03
  -5.9298362e-01  -2.2537824e-02
  -4.2470478e-01   5.9826046e-02
  -5.1068533e-01   9.2843159e-02
  -6.0877242e-01  -3.0194715e-02
  -4.6017027e-01   1.4108948e-01
  -5.2715114e-01   9.8680852e-02
  -3.8836976e-01   1.8486495e-01
  -4.8029233e-01   4.5842950e-02
  -3.4661092e-01   7.4851871e-02
  -4.1511051e-01  -2.9632637e-02
  -4.6002499e-01   6.5467749e-02
  -3.1735776e-01   1.4227908e-01
  -3.1010591e-01   1.6184525e-01
  -4.6640936e-01   7.6448829e-02
  -3.8274224e-01   3.2219627e-01
  -3.7696243e-01   1.8987214e-02
  -4.9593775e-01   2.2612566e-01
  -4.3972766e-01   8.3602643e-02
  -5.5045918e-01   6.4090868e-02
  -6.7530297e-01   3.6557014e-01
  -5.1577473e-01   1.2021831e-01
  -5.8034050e-01   8.3884571e-02
  -4.2661973e-01   2.8927634e-02
  -5.4515982e-01   1.3721106e-01
  -4.3087238e-01   5.0828668e-02
  -5.0687751e-01   9.1002755e-02
  -5.4870057e-01   8.2058837e-02
  -4.8629086e-01  -3.4984947e-02
  -4.6818204e-01   6.4109104e-02
  -5.9672785e-01  -5.4686654e-02
  -6.1231158e-01   1.1005340e-01
  -5.4831852e-01   1.1156007e-01
  -4.3604202e-01   9.2214717e-02
  -4.2610060e-01   1.5459489e-01
  -4.4576921e-01  -7.6070756e-02
  -4.5339048e-01  -7.7602137e-02
  -5.2977975e-01   3.2378050e-01
  -4.8250987e-01   3.8247861e-01
  -4.3494750e-01   1.5792823e-01
  -5.9926309e-01   5.7716859e-02
  -5.0727770e-01   1.5122711e-01
  -6.3782646e-01   1.6098369e-01
  -4.3848618e-01  -1.8159695e-01
  -5.6263193e-01   1.1506621e-01
  -3.9217181e-01   2.1239318e-02
  -4.2167073e-01   9.9562234e-02
  -5.6250542e-01   1.1764578e-01
  -5.9255267e-01  -2.8057975e-01
  -5.6556285e-01  -2.0930986e-02
  -4.5482046e-01  -1.0612036e-01
  -6.3849095e-01   4.8627784e-02
  -5.2660561e-01  -1.2032880e-01
  -6.7843966e-01   1.2572230e-01
  -4.5124429e-01  -4.5406725e-02
  -3.4239661e-01   8.1399101e-02
  -4.5097966e-01  -1.9803830e-02
  -4.8866151e-01   1.4292417e-01
  -6.1137746e-01  -3.0997345e-02
  -4.8653076e-01  -1.4345589e-01
  -6.7337214e-01   4.0302448e-02
  -4.5850545e-01   1.3318095e-01
  -4.9967976e-01   2.1192025e-01
  -4.4623826e-01  -1.1899988e-02
  -5.4118489e-01   2.7624873e-01
  -3.9365105e-01   2.1890390e-02
  -5.2489682e-01   1.0523880e-01
  -5.3983139e-01   6.4341984e-02
  -5.3114341e-01   3.0354217e-02
  -5.9653565e-01   1.5142158e-01
  -4.1018712e-01   1.0837357e-01
  -7.3827045e-01   1.5764972e-01
  -5.2323040e-01  -2.1702531e-01
  -5.0649582e-01   3.2992032e-01
  -5.2698631e-01  -1.7311311e-02
  -3.8638864e-01   2.5255537e-01
  -4.2355773e-01   1.6464000e-01
  -6.1050208e-01  -1.7849221e-01
  -4.5221504e-01   5.9966869e-02
  -6.2681908e-01   1.6298069e-01
  -4.8375827e-01   1.6441992e-01
  -4.1144047e-01   1.1104976e-01
  -4.5645170e-01   1.2836497e-01
  -5.0040880e-01   1.1414391e-01
  -4.5984218e-01   1.1053904e-01
  -4.8866199e-01   2.6744083e-01
  -4.5221249e-01   1.1938624e-01
  -5.2959865e-01   7.3009744e-02
  -5.9482249e-01   1.2188505e-01
  -4.5685967e-01   1.3473845e-01
  -5.0170540e-01   7.7174114e-02
  -6.4787441e-01   5.2557354e-02
  -4.5802779e-01  -5.6025931e-02
  -4.9201446e-01   1.1147548e-01
  -5.6862706e-01   2.2145169e-01
  -3.6732093e-01   1.7403848e-01
  -3.6566028e-01   1.2706094e-01
  -3.8645759e-01  -5.0813515e-02
  -3.8155824e-01   1.2443996e-01
  -5.0227902e-01  -3.3024069e-02
  -3.2165322e-01  -8.8431292e-03
  -3.7763491e-01  -1.2562280e-01
  -3.2405742e-01   1.5854681e-01
  -4.4665404e-01   1.0972838e-01
  -5.4062141e-01   2.0391314e-01
  -4.7806284e-01   5.6972199e-02
  -4.2788634e-01   8.5025354e-02
  -5.0232627e-01  -4.1626140e-02
  -6.8261205e-01   8.6616638e-03
  -5.2194749e-01  -2.7979746e-02
  -4.4025722e-01   2.6169228e-01
  -4.8795654e-01   1.1755926e-01
  -3.7145301e-01  -9.9598442e-03
  -3.1373559e-01  -5.5468278e-02
  -3.5472618e-01  -1.0176833e-01
  -5.3166120e-01   2.4280965e-01
  -4.2204873e-01   1.5987362e-01
  -4.1685385e-01   9.7371398e-02
  -4.4775053e-01   1.0964262e-01
  -4.5395451e-01   2.0952464e-01
  -5.1218514e-01   2.1546749e-01
  -3.4367800e-01   1.8183671e-01
  -5.1454170e-01  -2.7479408e-02
  -5.5539622e-01   3.1143396e-02
  -3.6329778e-01   1.6067246e-01
  -2.9578270e-01   1.1946575e-01
  -4.6436505e-01   1.9068922e-01
  -4.8434346e-01   8.9609393e-02
  -6.6497121e-01   1.7962351e-01
  -4.8220727e-01   3.5817864e-02
  -4.7693708e-01   6.6674450e-02
  -3.9958697e-01   1.9537719e-01
  -5.5867039e-01   1.4070244e-01
  -4.7840445e-01   9.9451863e-02
  -5.9226567e-01   1.6622958e-01
  -5.5803829e-01  -8.4782711e-02
  -4.9929962e-01   3.1393870e-01
  -4.8250023e-01   1.2171656e-02
  -4.3090669e-01   2.9557169e-01
  -4.4376846e-01   5.4050816e-02
  -4.1252038e-01   1.1697213e-01
  -3.4663019e-01  -3.9928271e-02
  -3.2477427e-01   1.9133684e-01
  -4.9387279e-01   9.0967566e-02
  -4.4929400e-01   6.1494688e-02
  -3.8735313e-01   9.7911959e-02
  -5.4777920e-01   2.2818087e-01
  -5.7084073e-01  -6.9078870e-03
  -4.8294838e-01  -8.0985352e-02
  -5.2950678e-01   1.7518050e-01
  -3.8312003e-01   6.4896386e-02
   1.9578971e+00  -1.2012295e+00
   2.1630402e+00  -1.4232565e+00
   2.1601483e+00  -1.2821514e+00
   1.8752544e+00  -1.4134056e+00
   2.1047310e+00  -1.4490545e+00
   1.9801127e+00  -1.4423804e+00
   1.8910030e+00  -1.3075976e+00
   1.8637343e+00  -1.3674474e+00
   1.9758979e+00  -1.4416570e+00
   1.9634110e+00  -1.4713051e+00
   1.9980757e+00  -1.4089862e+00
   2.0020280e+00  -1.4943269e+00
   2.0522590e+00  -1.4337210e+00
   2.0541115e+00  -1.3967469e+00
   1.9968258e+00  -1.2902812e+00
   2.0405260e+00  -1.3771551e+00
   1.9963233e+00  -1.4240909e+00
   1.9559011e+00  -1.4559742e+00
   1.9911969e+00  -1.3551419e+00
   1.9047465e+00  -1.3568194e+00
   2.0364871e+00  -1.4523842e+00
   1.8903610e+00  -1.4860841e+00
   2.0950501e+00  -1.3493391e+00
   1.9705375e+00  -1.2954388e+00
   2.1260756e+00  -1.3428494e+00
   2.0753905e+00  -1.3652164e+00
   2.0982628e+00  -1.4010986e+00
   1.8938738e+00  -1.0689601e+00
   2.0496135e+00  -1.4841641e+00
   2.0411627e+00  -1.1894755e+00
   1.9698780e+00  -1.2791978e+00
   1.9722559e+00  -1.2152656e+00
   2.0189695e+00  -1.2806436e+00
   2.0909350e+00  -1.2238111e+00
   1.9320793e+00  -1.3993450e+00
   2.0019432e+00  -1.4854178e+00
   1.9164399e+00  -1.2836603e+00
   1.8514570e+00  -1.3104444e+00
   2.0947376e+00  -1.2323666e+00
   1.9785353e+00  -1.4205038e+00
   2.0934872e+00  -1.2358695e+00
   2.0199080e+00  -1.3438982e+00
   1.9687369e+00  -1.2795079e+00
   2.1243498e+00  -1.3055314e+00
   2.1268333e+00  -1.3684568e+00
   1.9815957e+00  -1.4189477e+00
   1.9626507e+00  -1.2370095e+00
   1.8865073e+00  -1.2695102e+00
   2.1633185e+00  -1.2656619e+00
   1.9256773e+00  -1.2944764e+00
   1.9555820e+00  -1.4113232e+00
   1.8409243e+00  -1.3184735e+00
   1.9830020e+00  -1.2777460e+00
   1.9365266e+00  -1.1449440e+00
   1.9857086e+00  -1.3211406e+00
   2.0919548e+00  -1.3843465e+00
   1.9623710e+00  -1.4396159e+00
   2.1494775e+00  -1.4024112e+00
   2.0674844e+00  -1.2878609e+00
   1.9731598e+00  -1.2851713e+00
   1.9533381e+00  -1.4808554e+00
   1.8807365e+00  -1.1306079e+00
   1.9921942e+00  -1.4650906e+00
   1.8062635e+00  -1.3893535e+00
   1.8331287e+00  -1.2855860e+00
   2.0793623e+00  -1.3942821e+00
   1.8488307e+00  -1.2989156e+00
   1.9589261e+00  -1.4668995e+00
   1.8335982e+00  -1.5340849e+00
   1.9610582e+00  -1.5135021e+00
   1.9862771e+00  -1.3428595e+00
   1.9360766e+00  -1.2831465e+00
   1.7738931e+00  -1.3028076e+00
   1.9726078e+00  -1.2626211e+00
   2.2101947e+00  -1.2722251e+00
   2.1365449e+00  -1.1388059e+00
   2.0983942e+00  -1.3808288e+00
   2.1370179e+00  -1.3935856e+00
   2.0642834e+00  -1.3291611e+00
   2.0166279e+00  -1.2757594e+00
   2.0619144e+00  -1.3498800e+00
   2.1450745e+00  -1.2835225e+00
   2.0237746e+00  -1.3233878e+00
   1.9199463e+00  -1.4166114e+00
   2.0358163e+00  -1.4066849e+00
   2.0808445e+00  -1.2281714e+00
   1.9956413e+00  -1.4419314e+00
   2.0119651e+00  -1.2974810e+00
   1.9572177e+00  -1.2500218e+00
   1.9140587e+00  -1.1263847e+00
   2.1929200e+00  -1.2080863e+00
   1.9299376e+00  -1.3653629e+00
   1.9503482e+00  -1.2964276e+00
   2.0198871e+00  -1.1852262e+00
   1.9506447e+00  -1.4524010e+00
   1.9831989e+00  -1.5048916e+00
   1.9340356e+00  -1.3479487e+00
   2.1353708e+00  -1.3728709e+00
   2.0774909e+00  -1.4693198e+00
   2.0477060e+00  -1.3037297e+00
   2.0769419e+00  -1.2823360e+00
   2.0144442e+00  -1.4096728e+00
   1.9259813e+00  -1.3543929e+00
   1.8729164e+00  -1.3329456e+00
   1.9014640e+00  -1.3315706e+00
   1.9878050e+00  -1.3680280e+00
   2.1231861e+00  -1.4401151e+00
   2.0211295e+00  -1.3953933e+00
   1.9752570e+00  -1.4727762e+00
   2.0098116e+00  -1.4606959e+00
   1.9877462e+00  -1.3757941e+00
   2.0687911e+00  -1.3047226e+00
   2.1500254e+00  -1.2743467e+00
   2.0196586e+00  -1.3946608e+00
   1.9359879e+00  -1.4478964e+00
   1.9990279e+00  -1.3930192e+00
   1.9530673e+00  -1.4115496e+00
   1.9865805e+00  -1.2871511e+00
   1.9205264e+00  -1.2861249e+00
   1.8307573e+00  -1.1684981e+00
   2.1322476e+00  -1.4901319e+00
   2.0946906e+00  -1.2538889e+00
   2.1075352e+00  -1.3738709e+00
   1.9107015e+00  -1.4766633e+00
  -3.2380084e-01   7.0887481e-01
   7.4137846e-02   9.0271915e-01
  -2.7046509e-02   7.2594569e-01
  -2.4449856e-01   1.0580489e+00
  -9.3827518e-02   8.2934416e-01
  -2.6126762e-01   4.5609070e-01
   6.9759185e-03   8.1767892e-01
  -3.4511553e-02   6.7517922e-01
   1.7078535e-01   6.8841689e-01
   4.5362808e-02   8.1708653e-01
  -3.0358367e-01   1.0314323e+00
  -1.7828784e-01   1.1524275e+00
  -3.8398970e-02   8.5812159e-01
  -1.6407296e-01   9.5498068e-01
  -2.5588221e-02   9.9886998e-01
  -1.7902320e-01   6.9551845e-01
   1.6143497e-01   8.9126504e-01
  -2.7182510e-01   7.9629300e-01
  -1.2161517e-01   7.3318937e-01
  -2.0012858e-01   8.7367488e-01
  -9.8981471e-04   7.1636829e-01
   1.0727892e-01   4.7486426e-01
   7.0831071e-02   1.0290391e+00
   1.8281003e-01   8.5900945e-01
  -1.3451435e-01   9.0433462e-01
   1.0451604e-01   1.0290447e+00
  -2.8852295e-01   8.4170493e-01
  -6.6346515e-03   6.4647445e-01
  -2.6984031e-01   4.4508115e-01
  -7.9188910e-02   5.5401198e-01
   6.6808985e-02   5.7083627e-01
  -1.3742659e-01   9.9780166e-01
  -3.3910539e-01   7.1069199e-01
  -2.9347127e-02   5.7933831e-01
  -6.0625613e-02   8.2503942e-01
  -1.5776530e-01   6.8863560e-01
  -2.0278811e-01   1.0918622e+00
  -2.8369150e-02   6.3541519e-01
  -2.2328276e-01   1.1425376e+00
  -1.7640946e-02   1.0667027e+00
  -9.2087671e-02   9.1455759e-01
  -2.8338398e-01   8.5393859e-01
  -2.2266142e-01   4.5578244e-01
  -3.2382301e-01   6.9705596e-01
  -2.0355493e-01   8.4854687e-01
  -2.1384417e-01   6.6116118e-01
  -3.2679818e-03   7.6518944e-01
  -1.7883204e-01   9.2649667e-01
  -2.0092451e-01   8.8887512e-01
  -8.4497878e-02   8.2890817e-01
  -3.3839125e-01   7.4718416e-01
  -3.1786357e-01   7.9204929e-01
  -4.3672270e-02   7.0255235e-01
   7.5423828e-02   6.5311202e-01
   1.0605600e-01   1.1405092e+00
  -1.1430061e-01   6.2752085e-01
   2.5949630e-02   7.9386674e-01
  -6.1780363e-04   7.1891605e-01
  -2.7418444e-01   6.2936176e-01
   3.8377255e-02   6.8638507e-01
  -1.5687175e-01   8.1967304e-01
   1.4362225e-02   4.4579341e-01
   9.4918265e-02   6.1204072e-01
  -2.8845174e-01   9.1742345e-01
  -2.3323244e-01   7.4396395e-01
  -2.1741672e-01   8.5223735e-01
  -9.4518132e-02   3.0484412e-01
  -1.0797065e-01   9.4154599e-01
  -8.5491592e-02   5.0636681e-01
  -2.3667740e-01   9.4473224e-01
  -1.1526069e-01   9.2650982e-01
   1.8544971e-03   8.7460021e-01
   2.9083223e-03   9.6040684e-01
  -3.2654165e-01   7.8078340e-01
  -1.2986178e-01   8.8433580e-01
   1.4752106e-01   7.0023426e-01
  -1.6537316e-02   6.4248871e-01
  -7.8418210e-02   1.1289253e+00
  -2.1009879e-01   1.1117759e+00
  -3.1869639e-01   6.1426425e-01
  -3.2238332e-01   9.3854302e-01
  -1.0925800e-01   9.7124927e-01
  -7.3636191e-02   8.6720916e-01
  -1.7857938e-01   7.8704374e-01
  -2.2798022e-01   1.0397059e+00
  -1.6787449e-01   8.0491912e-01
  -1.1002824e-01   7.2658458e-01
   2.5835825e-03   7.8903292e-01
   1.5168030e-02   7.9085050e-01
  -1.1701151e-01   1.0623484e+00
  -1.0569956e-02   9.1164107e-01
   4.8481300e-02   9.7838668e-01
  -1.3490227e-01   7.9020427e-01
   1.3536648e-01   8.1769896e-01
  -1.2020259e-01   8.9076937e-01
  -2.5892252e-01   9.4157623e-01
  -1.0527988e-01   8.5778033e-01
  -2.4781370e-03   9.4739012e-01
  -2.0652905e-02   8.5347936e-01
  -1.2045975e-01   1.0648281e+00
  -5.3717158e-02   7.6185938e-01
   3.5758076e-02   9.4877047e-01
  -2.4897303e-01   1.0619836e+00
  -2.4682777e-01   6.6757823e-01
  -8.8696009e-02   9.7469392e-01
  -2.1825807e-01   7.4554895e-01
  -7.5273847e-02   8.0585567e-01
  -3.0811102e-01   4.6419793e-01
   2.5914351e-02   1.1375071e+00
   6.9615452e-02   6.7452204e-01
  -2.3791700e-01   7.2342457e-01
  -2.1361224e-01   6.9331638e-01
  -1.1792519e-01   7.9829167e-01
  -2.3603823e-01   8.4459888e-01
  -3.5676787e-01   6.5000032e-01
  -3.6876977e-02   9.6426834e-01
   1.4672658e-02   9.1183881e-01
  -4.6155265e-01   8.6153036e-01
  -2.1029317e-02   7.2241011e-01
   2.3013291e-01   1.0690446e+00
  -1.7586958e-01   7.8406441e-01
   6.2151466e-02   7.4836108e-01
  -6.4201261e-02   8.0685712e-01
   5.6893822e-03   8.1418681e-01
  -6.9062966e-02   8.8661578e-01
  -2.1077498e-01   5.4298201e-01
  -1.7909709e-01   5.2423153e-01
  -3.0527992e-02   9.3974509e-01
   8.2514036e-02   7.0188259e-01
  -4.2766210e-01   8.2724817e-01
  -1.4166594e-01   6.6366599e-01
   1.2240011e-01   7.7832292e-01
  -2.0168379e-01   9.0221676e-01
  -1.1947828e-01   7.9748887e-01
  -8.6278687e-02   1.0405798e+00
  -1.9403167e-01   8.5740244e-01
  -4.0200566e-02   1.1129378e+00
  -5.8315108e-02   5.3596768e-01
   1.3542246e-01   8.4128864e-01
  -1.1740269e-01   6.7638874e-01
  -5.7066053e-02   4.4925386e-01
   2.8476187e-01   8.8368257e-01
   2.8137502e-01   7.9174605e-01
  -2.2684666e-01   9.2972052e-01
   7.6539850e-03   8.3782270e-01
  -6.7397709e-02   6.2604604e-01
   4.6384303e-02   1.1115208e+00
  -7.2954768e-02   6.0204658e-01
   5.7160961e-02   6.4748558e-01
  -3.3101072e-01   8.1200613e-01
  -2.1007359e-01   7.1216055e-01
   2.2100847e-01   8.0628209e-01
  -3.1224615e-01   6.0377409e-01
  -8.0357219e-02   7.7809211e-01
  -1.6176451e-01   9.1669970e-01
  -2.6697558e-01   8.9829579e-01
  -1.4948264e-01   5.5792780e-01
  -2.8104649e-01   8.2386436e-01
   2.1774556e-02   8.2046497e-01
   7.4390803e-02   6.8474288e-01
  -1.5991094e-01   8.2865882e-01
  -1.0892159e-01   7.3847008e-01
   3.7834152e-02   8.0442394e-01
  -8.8998920e-02   7.0962031e-01
   1.7097522e-01   5.1330566e-01
  -2.1585865e-01   8.9662547e-01
  -1.3669480e-01   6.9216994e-01
  -2.1399671e-01   8.9674281e-01
  -2.9151526e-01   8.9878182e-01
  -5.4560435e-03   7.9602368e-01
  -4.0530887e-02   8.3945788e-01
  -9.9088594e-02   9.0526183e-01
  -2.3082710e-01   1.0756276e+00
  -2.8428620e-01   1.0245369e+00
  -1.5903592e-01   7.1538510e-01
  -8.7941459e-01   9.7076901e-01
  -1.2902788e+00   1.0831002e+00
  -8.1206923e-01   1.0063978e+00
  -1.4150444e+00   1.1487583e+00
  -9.1565446e-01   1.4243882e+00
  -1.2132136e+00   1.4791648e+00
  -1.0837201e+00   1.3668770e+00
  -5.2787395e-01   1.3147081e+00
  -8.0818816e-01   1.1277432e+00
  -1.2084356e+00   1.4383837e+00
  -9.9540132e-01   1.2715036e+00
  -1.5731074e+00   1.5969587e+00
  -9.9142268e-01   1.2896859e+00
  -1.2041312e+00   1.1522348e+00
  -9.6874809e-01   1.2198312e+00
  -1.0136160e+00   1.5248484e+00
  -1.3010872e+00   1.1076281e+00
  -1.2386036e+00   1.2858478e+00
  -1.1232275e+00   1.6397305e+00
  -1.2358148e+00   1.3315163e+00
  -1.1335979e+00   1.3012068e+00
  -1.1475558e+00   1.4508959e+00
  -1.0712023e+00   1.4250055e+00
  -1.2156920e+00   1.2145589e+00
  -1.3931971e+00   1.2653150e+00
  -1.0152297e+00   1.2575644e+00
  -1.4285757e+00   1.1719425e+00
  -1.1073160e+00   1.1381850e+00
  -1.3332595e+00   1.1868750e+00
  -9.7672868e-01   1.2701289e+00
  -1.3215299e+00   1.3425285e+00
  -6.9042504e-01   1.3492372e+00
  -1.6082654e+00   1.1296803e+00
  -1.2093022e+00   1.4641119e+00
  -1.3761427e+00   1.3539057e+00
  -1.2933240e+00   1.0500139e+00
  -1.5335853e+00   1.5418536e+00
  -1.0301130e+00   1.5538764e+00
  -9.5112346e-01   1.1441173e+00
  -1.0718343e+00   1.3106021e+00
  -1.2490525e+00   1.3038416e+00
  -1.1609906e+00   1.2693027e+00
  -1.1754143e+00   1.3153528e+00
  -1.4912100e+00   1.0596925e+00
  -1.6093610e+00   1.2157894e+00
  -1.6198063e+00   1.1276872e+00
  -1.4468700e+00   1.2953873e+00
  -1.0118759e+00   1.4467659e+00
  -7.5998079e-01   1.4216286e+00
  -9.6220265e-01   1.3346722e+00
  -1.4321094e+00   1.4307759e+00
  -1.1326117e+00   1.3107743e+00
  -1.1144586e+00   1.2917515e+00
  -1.0715712e+00   1.2653247e+00
  -1.5544724e+00   1.3903849e+00
  -1.2964860e+00   1.1361448e+00
  -1.1223069e+00   1.3160559e+00
  -1.3644757e+00   1.4076442e+00
  -1.3196754e+00   9.7674781e-01
  -9.6700975e-01   1.1466302e+00
  -5.2253327e-01   1.5071720e+00
  -1.4219913e+00   1.2882121e+00
  -4.3934784e-01   1.4622176e+00
  -1.2146171e+00   1.3295842e+00
  -9.4305985e-01   1.0655686e+00
  -1.0040068e+00   1.2287408e+00
  -8.6467928e-01   1.1738230e+00
  -1.1816637e+00   1.1355572e+00
  -1.2369231e+00   9.6668507e-01
  -1.2697927e+00   1.2685382e+00
  -1.1851974e+00   1.2010356e+00
  -1.1481344e+00   1.3617547e+00
  -1.1673686e+00   9.7676535e-01
  -1.1573940e+00   1.1126996e+00
  -7.1444208e-01   1.5018278e+00
  -1.2407715e+00   1.3044384e+00
  -1.1008908e+00   1.0705272e+00
  -1.0824982e+00   1.3962741e+00
  -1.3675586e+00   1.6214601e+00
  -1.0507496e+00   1.4181103e+00
  -1.1712660e+00   1.3899377e+00
  -1.0552523e+00   1.2390330e+00
  -1.3886248e+00   1.5128751e+00
  -7.8435173e-01   1.2272290e+00
  -1.4050708e+00   1.4755043e+00
  -1.2680033e+00   1.2841948e+00
  -1.0336539e+00   1.4634780e+00
  -9.9919661e-01   1.0973384e+00
  -1.0509427e+00   1.3070970e+00
  -1.2325822e+00   1.1148167e+00
  -1.1529671e+00   1.2657493e+00
  -1.2549891e+00   1.1766400e+00
  -9.3174720e-01   1.5524012e+00
  -1.2290223e+00   1.3364256e+00
  -1.1099926e+00   1.6909765e+00
  -1.2897563e+00   1.4213297e+00
  -9.9700787e-01   1.3515476e+00
  -1.2709670e+00   1.2422794e+00
  -7.2310304e-01   1.0341747e+00
  -1.2508011e+00   1.4152425e+00
  -1.1356200e+00   1.2385700e+00
  -1.0504593e+00   1.2606723e+00
  -1.5248492e+00   1.2045922e+00
  -1.3977512e+00   1.1942880e+00
  -1.0333918e+00   1.3939988e+00
  -3.8847812e-01   1.0158890e+00
