   4.6544326e-01   3.9862549e+00
   8.3772237e-02   2.2923648e+00
   3.1461251e-01   3.7847057e+00
   1.4373528e-01   3.7102383e+00
   8.7617878e-02   2.1682528e+00
   1.9196382e-02   2.9556395e+00
   3.9445391e-01   2.2369807e+00
   3.4159344e-01   3.9137713e+00
   4.0647268e-02   3.2388027e+00
   2.6637584e-01   3.7645785e+00
   5.9187245e-02   2.1400574e+00
   1.4711077e-01   3.5856287e+00
   2.8583086e-01   2.1689678e+00
   5.7487636e-02   3.5969383e+00
   1.1494200e-01   2.9882341e+00
   3.3944697e-01   3.0354159e+00
   2.3491324e-01   2.6424475e+00
   2.5996665e-01   2.9988457e+00
   4.6506526e-01   3.4382864e+00
   4.1699669e-01   2.1015158e+00
   2.3288513e-01   3.6119502e+00
   4.0028852e-01   3.8401463e+00
   3.6660193e-01   2.1306151e+00
   3.8462126e-01   3.3893133e+00
   1.5495038e-01   3.4783026e+00
   1.1802139e-01   2.9501045e+00
   2.4101367e-01   3.0123155e+00
   3.2624255e-01   3.4883472e+00
   2.4711586e-02   2.4427586e+00
   3.1290385e-01   3.1554036e+00
   3.3573056e-01   2.8634494e+00
   4.1672512e-01   3.8623157e+00
   2.0873372e-01   2.8995496e+00
   3.9243992e-01   2.7319022e+00
   3.1491804e-01   2.7017839e+00
   3.8469522e-01   3.4909488e+00
   2.8403333e-01   3.0693093e+00
   3.8734304e-02   2.7068902e+00
   3.1189528e-02   2.0306594e+00
   1.4436768e-02   2.7910634e+00
   3.7508303e-01   2.8920418e+00
   4.9067807e-01   2.6801785e+00
   1.4645110e-02   3.8129676e+00
   1.6118755e-01   3.1448265e+00
   4.7349308e-01   3.6209454e+00
   4.3752345e-01   3.0773418e+00
   3.8998307e-01   2.3501070e+00
   1.4730399e-01   2.2613985e+00
   8.0796230e-02   2.0389085e+00
   1.6396280e-01   2.4476266e+00
   4.8245398e-02   2.4226978e+00
   2.7901188e-01   3.2855954e+00
   4.5468834e-01   3.4415074e+00
   9.9038337e-02   3.6063005e+00
   2.1230743e-01   2.3741013e+00
   1.3665111e-01   2.6607798e+00
   3.4843246e-01   2.5425443e+00
   2.4177536e-01   2.4289043e+00
   4.6363896e-02   2.7678119e+00
   3.5012199e-02   3.5889545e+00
   1.1821029e-01   3.4780236e+00
   2.9198635e-01   3.6454340e+00
   1.1673747e-01   2.7336215e+00
   4.1799080e-01   2.9784051e+00
   3.2999076e-01   3.7062588e+00
   8.0741509e-02   3.9845063e+00
   1.7385030e-01   3.6875439e+00
   1.7777862e-01   2.4453320e+00
   1.4091229e-01   2.0864744e+00
   2.3273188e-01   2.5192765e+00
   4.2522276e-01   3.1206584e+00
   1.8555135e-01   2.1491863e+00
   1.1175727e-01   3.6422881e+00
   2.9021284e-01   3.2273498e+00
   4.0528098e-01   2.1015349e+00
   3.9476048e-01   2.6674910e+00
   2.2774752e-01   2.6465682e+00
   3.1927829e-02   3.8925308e+00
   4.2650564e-01   3.6171343e+00
   2.7240043e-01   2.8545457e+00
   1.0814597e-01   2.6099967e+00
   2.2736403e-02   2.9742500e+00
   2.4552897e-01   2.4761110e+00
   1.4967543e-01   3.6812552e+00
   3.8279565e-01   3.5810487e+00
   3.7790349e-01   2.5105837e+00
   3.1423208e-01   2.1117557e+00
   3.8320587e-01   3.8812034e+00
   3.8322921e-01   2.7969924e+00
   3.2756470e-01   2.4324177e+00
   3.7069636e-01   3.1155174e+00
   4.1128082e-01   3.0022852e+00
   2.6532595e-03   3.2011016e+00
   3.1340215e-01   3.5166942e+00
   4.5658711e-01   2.0493411e+00
   2.7034575e-01   3.4529685e+00
   2.0327660e-01   2.8857363e+00
   4.8652092e-02   3.5576309e+00
   1.8338431e-01   3.7244867e+00
   2.4460177e-01   3.5345901e+00
   4.4179364e-01   3.0791303e+00
   5.2401261e-02   2.4399603e+00
   2.2579213e-01   2.4378353e+00
   3.0462657e-01   2.7178750e+00
   3.3799011e-01   2.0513590e+00
   4.9790539e-01   3.1558223e+00
   1.9386702e-01   3.1991089e+00
   4.0925596e-01   2.9908638e+00
   1.3931978e-01   2.1241035e+00
   3.7831138e-01   3.2751934e+00
   9.8369160e-02   2.4104018e+00
   4.6918457e-01   3.7198594e+00
   4.4640595e-02   2.2688737e+00
   2.1279194e-01   2.2836953e+00
   4.0084100e-01   3.2335278e+00
   2.7115161e-01   2.1010369e+00
   2.3940844e-02   3.1386629e+00
   2.6640603e-01   2.3700446e+00
   2.0512690e-01   3.2136053e+00
   3.5618604e-01   3.6772220e+00
   4.0656545e-01   2.5265056e+00
   3.9792253e-01   3.3172187e+00
   2.3652305e-01   3.7661462e+00
   9.8535979e-02   3.1754117e+00
   2.4931011e-02   2.5558088e+00
   4.1967353e-01   2.3836785e+00
   2.1011071e-01   3.6192496e+00
   5.0296109e-02   2.9569959e+00
   3.2411335e-01   3.2015662e+00
   3.3960794e-01   2.0058207e+00
   2.6809111e-01   3.0570696e+00
   4.3576395e-01   3.7382213e+00
   3.1746615e-01   3.8879617e+00
   3.9154890e-01   3.1467909e+00
   4.5115305e-01   2.1740593e+00
   4.7774647e-01   3.8005717e+00
   2.0423064e-01   3.9825259e+00
   4.8847304e-01   3.1441979e+00
   4.6734114e-01   3.3858662e+00
   2.5783094e-04   2.8508536e+00
   4.8451705e-01   2.6236767e+00
   2.9065722e-01   2.5810127e+00
   4.1884270e-01   2.6852613e+00
   3.8689685e-01   2.0789064e+00
   3.2102494e-01   3.9317739e+00
   9.1009805e-02   3.0714513e+00
   4.2609982e-01   2.3039156e+00
   7.3951912e-02   2.2590734e+00
   2.3867007e-01   2.0476629e+00
   2.0820003e-01   2.9057050e+00
   4.0707186e-01   2.4001100e+00
   4.9253286e-01   3.7412277e+00
   2.7423137e-01   2.9853952e+00
   1.6005342e-01   3.6108764e+00
   3.9156541e-01   2.2282298e+00
   3.4161577e-01   2.5886699e+00
   9.1421610e-02   3.5011213e+00
   2.0919263e-01   2.9266062e+00
   5.0691414e-02   2.9120580e+00
   1.3501888e-01   2.5296308e+00
   3.6284557e-01   2.1352405e+00
   4.2445114e-01   2.6763126e+00
   2.7567326e-01   2.6601833e+00
   3.3393959e-01   2.7135331e+00
   4.9195635e-02   2.9640095e+00
   1.7680026e-01   3.4215701e+00
   3.1294172e-01   3.8830521e+00
   3.8673233e-02   3.2151980e+00
   1.5159225e-01   2.0888931e+00
   4.1624627e-01   3.9006181e+00
   1.9640167e-01   2.9638481e+00
   3.9871795e-01   3.1439054e+00
   3.2279253e-01   2.2822061e+00
   3.0322276e-01   2.0808038e+00
   3.7177288e-01   2.8933166e+00
   2.0380391e-01   2.8417209e+00
   2.9830824e-01   2.0295113e+00
   4.7917972e-01   3.7942587e+00
   4.7784641e-01   3.9951275e+00
   1.2506881e-01   3.9083047e+00
   7.7281837e-02   2.5428301e+00
   4.2190503e-01   3.0027573e+00
   3.9669521e-01   3.3610323e+00
   2.0049890e-01   2.5330787e+00
   2.0124411e-01   3.7365975e+00
   3.5403044e-01   3.0415380e+00
   8.3224779e-02   3.5560291e+00
   1.6109586e-01   2.3596787e+00
   4.9575298e-01   3.4422271e+00
   3.8782594e-01   2.8838634e+00
   2.7713454e-02   2.8718141e+00
   1.0194729e-01   2.3054338e+00
   3.2908148e-01   2.6683227e+00
   9.9890292e-02   2.2237179e+00
   1.5151341e-01   3.1471586e+00
   2.2894603e-04   2.8979127e+00
   2.7251083e-01   3.0559238e+00
   3.3464031e-01   2.6340472e+00
   4.1608247e-01   2.2530997e+00
   3.6423782e-01   2.1624695e+00
   1.3860385e+00   9.3742181e-01
   7.7469746e-01   4.9006210e-01
   2.8119317e+00   3.0972866e-01
   2.3486646e+00   4.6496511e-01
   8.6557990e-01   3.0868943e-01
   2.5193372e+00   8.4528156e-01
   2.8915052e+00   5.7199213e-01
   1.3786288e+00   9.9429259e-01
   1.4472193e+00   2.1248710e-02
   1.8250040e+00   5.4035172e-01
   1.2278529e+00   1.4115187e-01
   2.3894257e+00   7.9185369e-01
   1.7726003e+00   1.2634483e-01
   7.4333042e-01   5.1156080e-01
   1.2013617e+00   3.3120313e-02
   2.6954664e+00   8.2663521e-01
   2.7183080e+00   5.3977826e-01
   9.2032744e-01   9.3018637e-02
   3.0005516e+00   4.5612652e-01
   1.8711827e+00   8.6171483e-01
   1.4987238e+00   4.6903979e-01
   1.8100330e+00   8.1272085e-01
   1.1573237e+00   3.5854242e-01
   1.0674499e+00   2.2040486e-01
   8.6571271e-01   7.2624684e-01
   1.4630514e+00   8.7776367e-01
   1.3592824e+00   3.1087951e-01
   1.5029908e+00   1.0812034e-01
   1.7669137e+00   9.8651313e-01
   8.6053932e-01   8.1726703e-01
   1.0401500e+00   5.8022951e-01
   7.5071787e-01   6.7592131e-01
   1.6152558e+00   8.1067738e-01
   1.7685169e+00   1.3341462e-01
   9.7467396e-01   8.9574306e-01
   8.0919391e-01   7.7198913e-01
   2.5344173e+00   5.5062956e-01
   1.4648058e+00   5.4361059e-01
   2.3638032e+00   5.3744869e-01
   1.2808183e+00   5.4463923e-01
   9.6432115e-01   4.9669226e-01
   1.0871049e+00   1.0860184e-01
   1.8447191e+00   9.8554233e-01
   2.2945882e+00   7.1014679e-01
   2.7254800e+00   7.9037749e-01
   1.4285479e+00   5.6329187e-01
   2.9820582e+00   4.7811817e-01
   2.4150682e+00   7.5210640e-01
   1.2915158e+00   5.7893093e-01
   1.6010316e+00   9.3546271e-01
   1.2590058e+00   6.1627503e-01
   2.4083754e+00   2.0337876e-01
   1.5634366e+00   7.8598958e-01
   9.9038350e-01   8.0718657e-01
   1.4105022e+00   9.3092415e-01
   6.6739282e-01   7.4160201e-01
   1.4238019e+00   5.0510661e-01
   8.0119588e-01   1.8602127e-01
   2.1525342e+00   8.5870915e-01
   1.2498683e+00   2.1963696e-01
   1.3663816e+00   7.6017639e-01
   1.5240481e+00   3.0428469e-01
   8.7475779e-01   5.8186213e-01
   8.9220018e-01   4.5868306e-01
   1.4687287e+00   2.1712161e-01
   8.1669714e-01   7.1685135e-01
   4.0888790e-01   2.5805402e-01
   2.2628527e+00   9.1754834e-01
   1.6000471e+00   4.5508635e-01
   2.2125230e+00   7.2429161e-01
   7.1859635e-01   6.2860352e-01
   2.3647443e+00   7.9504596e-01
   2.1812244e+00   2.4455355e-01
   1.3427979e+00   2.9814285e-01
   2.3611090e+00   6.6943982e-01
   1.2003007e+00   3.3101599e-01
   2.1633559e+00   8.3357637e-01
   1.0155300e+00   6.8275015e-01
   1.2765851e+00   5.9172779e-01
   9.9263896e-01   5.7096140e-01
   1.8423028e+00   2.8171338e-01
   8.7114641e-01   9.0450144e-01
   1.7982512e-01   4.7741734e-01
   5.1376434e-01   8.3806006e-01
   2.6743950e+00   3.0086589e-01
   2.3572955e+00   6.2730714e-01
   1.7541892e+00   5.4861580e-01
   1.5676499e+00   8.8802701e-01
   1.1473730e+00   2.3747876e-01
   1.8353581e+00   4.7469517e-01
   2.2116530e+00   1.8631387e-01
   2.8504298e-01   3.9956300e-01
   1.1712060e+00   1.1361289e-01
   1.6478434e+00   2.0959652e-02
   1.9631806e+00   5.5686623e-01
   4.7300628e-01   4.3495939e-01
   1.2158181e+00   3.8103611e-01
   1.8615769e+00   5.4854758e-01
   1.4195574e+00   7.9554085e-01
   5.9441844e-01   5.9938581e-01
   1.0540260e+00   3.5873833e-01
   1.5383619e-01   5.2083142e-01
   2.9261893e+00   5.5880664e-01
   1.4064317e+00   7.1951097e-01
   7.8132509e-01   4.7845692e-01
   2.7945340e+00   4.1954539e-01
   1.4705210e+00   1.2327591e-01
   6.3708707e-01   1.9895050e-01
   1.5795504e+00   1.6393029e-02
   5.5714390e-01   5.2014578e-01
   2.9337578e+00   3.5541213e-01
   5.0505704e-01   7.8058501e-01
   1.5154489e+00   1.0043585e+00
   2.1937812e+00   8.1020174e-01
   1.1059387e+00   5.1175085e-01
   2.1742767e+00   7.8572140e-02
   7.6262702e-01   5.2555945e-01
   2.7761719e+00   3.5445578e-01
   1.2112782e+00   4.2747329e-01
   2.2703182e+00   1.4875476e-01
   1.2983343e+00   8.6701505e-01
   1.9083256e+00   3.1098530e-01
   2.9739720e+00   6.0544247e-01
   9.5604689e-01   2.5556740e-01
   3.0235958e+00   4.1661950e-01
   1.8303041e+00   7.2934170e-01
   2.0262370e-01   4.6649938e-01
   2.6209587e+00   3.4574642e-01
   1.4732052e+00   9.8077623e-01
   1.4472424e+00   5.8507014e-01
   2.4525613e+00   1.7041107e-01
   1.6688521e+00   8.2311076e-01
   1.4874776e+00   4.7432088e-01
   2.0871330e+00   7.3947986e-01
   6.9923044e-01   5.1245362e-01
   2.5016182e+00   3.1653078e-01
   1.0483058e+00   7.1392274e-01
   2.8467212e+00   6.3904348e-01
   1.9798060e+00   6.3746840e-01
   1.3260057e+00   4.7440364e-01
   2.5800926e+00   5.6036840e-01
   2.8042869e+00   4.6024078e-01
   1.4823584e+00   5.1143629e-01
   9.9401932e-01   1.5968647e-01
   2.3178014e+00   5.5846580e-01
   1.4756694e+00   7.0303937e-01
   1.3934846e+00   1.4807259e-01
   1.7503062e+00   6.1247159e-01
   1.2213214e+00   4.9786563e-01
   5.5070685e-01   3.6823358e-01
   2.4840184e+00   7.5205062e-01
   2.5671859e+00   5.7380560e-01
   1.1744840e+00   7.0952990e-01
   1.6140222e+00   6.5772871e-01
   1.0383301e+00   3.4036596e-01
   1.8550755e+00   3.6364161e-01
   1.5030902e+00   6.4093263e-01
   1.4919188e+00   1.7628015e-01
   2.2092856e+00   6.3049920e-01
   1.5644675e+00   5.7626808e-01
   2.4671949e+00   2.2132171e-01
   1.2145244e+00   8.0053192e-01
   2.1722854e+00   8.4350573e-01
   9.9370232e-01   5.7014487e-01
   7.2712064e-01   8.7801340e-01
   1.7800107e+00   1.0236205e-01
   2.0204839e+00   6.3966911e-01
   1.0298461e+00   2.0799367e-01
   2.1068673e+00   6.3250727e-01
   7.4384618e-01   3.1048428e-01
   1.9173677e+00   7.1922696e-01
   2.5521407e+00   7.9235534e-01
   2.8683495e+00   7.3629522e-01
   2.7209558e+00   3.6577513e-01
   1.5292721e-01   3.8872942e-01
   1.9589502e+00   4.0424593e-01
   8.2792408e-01   9.1523519e-01
   1.5923863e+00   7.8480652e-01
   5.6887984e-01   3.8280112e-01
   1.1829695e+00   8.8289921e-01
   1.3453262e+00   4.1495765e-01
   3.6136491e-01   2.8092162e-01
   1.8065908e+00   6.3049734e-01
   5.6201018e-01   6.7649887e-01
   1.5994027e+00   2.4791243e-01
   6.7582555e-01   2.9210196e-01
   2.3794213e+00   2.0584393e-01
   2.1273500e+00   3.1102119e-01
   4.4673369e-01   4.7598380e-01
   2.8740604e+00   5.6017518e-01
   2.3319582e+00   2.0039925e-01
   2.0166240e+00   4.3141597e-01
   1.2706108e+00   7.3037826e-01
   1.5424854e+00   9.2821056e-01
   1.1599283e+00   7.1635011e-01
   3.3843520e-01   3.0429272e-01
   1.7386929e+00   6.3005271e-01
   2.4030160e+00   5.4383425e-01
   4.2350683e-01   7.5895251e-01
   1.1911430e-01   5.6633486e-01
   3.6706016e+00   3.3322260e+00
   3.3085636e+00   3.1062454e+00
   3.9469258e+00   3.3446546e+00
   2.9796682e+00   2.7487750e+00
   3.4662220e+00   3.3447185e+00
   3.1982905e+00   2.8913773e+00
   2.9313056e+00   2.8268307e+00
   3.8179372e+00   3.2845200e+00
   3.1504282e+00   3.0273454e+00
   3.2534693e+00   3.0675813e+00
   3.4509308e+00   3.2415827e+00
   4.4024303e+00   3.5857975e+00
   3.4536731e+00   3.2024912e+00
   3.4635270e+00   3.2591236e+00
   3.7065906e+00   3.2417445e+00
   3.8582830e+00   3.4407332e+00
   3.6377305e+00   3.3215747e+00
   3.5902533e+00   3.2434395e+00
   2.6916056e+00   2.8155229e+00
   4.1613689e+00   3.4820242e+00
   3.3161084e+00   3.3219858e+00
   3.8500971e+00   3.1688102e+00
   3.0643199e+00   2.9518723e+00
   3.5463451e+00   3.0313171e+00
   3.0019516e+00   3.0673961e+00
   3.2782197e+00   2.7264209e+00
   3.9441787e+00   3.5127908e+00
   3.3247598e+00   3.1893717e+00
   3.8005119e+00   3.3944855e+00
   3.6585622e+00   3.1047064e+00
   3.6702556e+00   3.2799808e+00
   3.3973482e+00   2.9942764e+00
   4.0485492e+00   3.7108010e+00
   2.6969898e+00   2.5363378e+00
   3.7607780e+00   3.5023088e+00
   3.5916068e+00   3.2381714e+00
   3.5318468e+00   3.3007682e+00
   3.0118051e+00   2.8196551e+00
   3.3689766e+00   3.0411829e+00
   3.6158542e+00   3.4296419e+00
   3.7568780e+00   3.5651110e+00
   3.2624936e+00   3.1374557e+00
   3.4591276e+00   3.0323885e+00
   4.1004111e+00   3.4452711e+00
   3.9392942e+00   3.3530521e+00
   2.9116103e+00   2.9375647e+00
   3.6145550e+00   3.3992812e+00
   3.1901666e+00   2.9713350e+00
   3.5028380e+00   3.2125080e+00
   3.5380850e+00   3.1391226e+00
   3.9430310e+00   3.4931504e+00
   3.6843193e+00   3.2493547e+00
   4.2294070e+00   3.7658810e+00
   3.2110297e+00   2.9719803e+00
   3.3099323e+00   3.1631520e+00
   3.3421737e+00   3.1447977e+00
   3.4479812e+00   3.1360568e+00
   3.4740567e+00   3.2135093e+00
   3.2848289e+00   2.7583229e+00
   2.5110821e+00   2.8847200e+00
   4.0551228e+00   3.5347908e+00
   3.4822209e+00   3.1520740e+00
   3.0173507e+00   2.9970034e+00
   3.6121200e+00   3.3531028e+00
   3.4887759e+00   3.3885399e+00
   3.8119198e+00   3.3102409e+00
   3.5552814e+00   3.2891998e+00
   3.9751877e+00   3.3698073e+00
   3.0198947e+00   3.0941018e+00
   4.4805907e+00   3.7266950e+00
   3.5651086e+00   3.4504997e+00
   3.3769578e+00   3.2761746e+00
   2.7606033e+00   3.0160186e+00
   4.2953659e+00   3.6342794e+00
   4.2436213e+00   3.5034822e+00
   2.9756346e+00   3.3641722e+00
   3.9101336e+00   3.5164868e+00
   3.5324876e+00   2.8958579e+00
   3.1416202e+00   2.6206833e+00
   3.3443934e+00   2.9327075e+00
   3.0952748e+00   3.1916856e+00
   3.1867482e+00   2.9854142e+00
   2.7384041e+00   2.8222119e+00
   3.7696761e+00   3.3481507e+00
   3.2150747e+00   3.0868182e+00
   4.0878257e+00   3.3030941e+00
   3.6722457e+00   3.3247861e+00
   3.1471161e+00   3.0727293e+00
   4.0035981e+00   3.4939170e+00
   3.7298291e+00   3.5273666e+00
   3.5551167e+00   2.9861833e+00
   3.9626554e+00   3.3940148e+00
   4.3005288e+00   3.7441710e+00
   3.9124066e+00   3.4512648e+00
   3.7003421e+00   3.4169294e+00
   3.7419217e+00   3.3852974e+00
   3.6517491e+00   3.3873820e+00
   4.0244823e+00   3.3690259e+00
   3.2297627e+00   3.0060128e+00
   3.2175581e+00   3.1504937e+00
   3.3014838e+00   2.8997778e+00
   3.6471403e+00   3.3167252e+00
   3.4412874e+00   3.1004128e+00
   3.6955178e+00   3.2419026e+00
   3.1103068e+00   2.8733474e+00
   4.3810172e+00   3.7025360e+00
   4.0300138e+00   3.2501194e+00
   3.9551542e+00   3.4493656e+00
   3.5760828e+00   3.0866464e+00
   3.6225195e+00   3.1238805e+00
   3.9706647e+00   3.5443916e+00
   3.5174516e+00   3.0271543e+00
   3.0980710e+00   3.0079222e+00
   2.9340229e+00   2.8111073e+00
   3.8069893e+00   3.2309260e+00
   3.6098125e+00   3.2378041e+00
   3.6226399e+00   3.3005645e+00
   3.3530867e+00   2.8998239e+00
   3.6771042e+00   3.2424518e+00
   3.2032637e+00   2.8766401e+00
   4.0189346e+00   3.5321155e+00
   3.4393103e+00   3.1632631e+00
   3.5117882e+00   3.3696802e+00
   3.6892723e+00   3.5083366e+00
   3.5630054e+00   3.1551701e+00
   3.7115195e+00   3.3276357e+00
   3.2393832e+00   3.2482476e+00
   3.4056552e+00   3.1571060e+00
   2.7802837e+00   2.8969196e+00
   3.7052014e+00   3.2952613e+00
   3.1537708e+00   3.2313313e+00
   3.0781947e+00   2.7269412e+00
   3.3023462e+00   3.3070302e+00
   2.8636087e+00   2.6853336e+00
   4.5476561e+00   3.7017253e+00
   3.4158634e+00   3.2127176e+00
   3.0318070e+00   2.8882288e+00
   3.1346288e+00   2.9653617e+00
   4.2103795e+00   3.7574991e+00
   3.8114089e+00   3.5036768e+00
   2.9681238e+00   2.7888279e+00
   4.2017994e+00   3.5346460e+00
   3.7959417e+00   3.3125135e+00
   3.9911938e+00   3.3438938e+00
   3.8514457e+00   3.3261218e+00
   3.3582451e+00   3.1393705e+00
   3.7960167e+00   3.3205066e+00
   2.2442379e+00   2.5838571e+00
   3.9849170e+00   3.4225124e+00
   4.1856558e+00   3.7338832e+00
   3.7724274e+00   3.1773262e+00
   3.5163615e+00   2.9772280e+00
   3.4556582e+00   3.2381879e+00
   3.9174044e+00   3.5562300e+00
   3.7578673e+00   3.3417824e+00
   3.2297614e+00   2.9185548e+00
   3.5744353e+00   3.2312011e+00
   3.1727739e+00   3.1332289e+00
   3.2384801e+00   3.2403810e+00
   3.2145262e+00   3.0464970e+00
   3.8022976e+00   3.3904926e+00
   3.9410783e+00   3.5068775e+00
   3.8396030e+00   3.3688207e+00
   3.5697992e+00   3.1258115e+00
   3.4491404e+00   3.1225432e+00
   4.7755378e+00   3.6933597e+00
   4.2790963e+00   3.6621772e+00
   2.8897177e+00   2.5449013e+00
   4.2331903e+00   3.3705850e+00
   3.1062582e+00   3.1083299e+00
   3.8297610e+00   3.4451381e+00
   3.4024786e+00   2.9737606e+00
   3.3211389e+00   3.4555208e+00
   4.1737138e+00   3.6162604e+00
   3.0373563e+00   2.8920783e+00
   3.8110640e+00   3.4571540e+00
   2.7030979e+00   2.8171779e+00
   3.8321858e+00   3.2445344e+00
   2.9884045e+00   2.9682641e+00
   3.2258191e+00   2.9325535e+00
   3.5761738e+00   3.2669898e+00
   3.9870958e+00   3.4091889e+00
   3.9230148e+00   3.1988570e+00
   3.5521312e+00   3.4947622e+00
   3.5426829e+00   3.2151998e+00
   3.6201536e+00   3.4225462e+00
   3.9399045e+00   3.4129837e+00
   3.9941734e+00   3.5453399e+00
   3.4088625e+00   3.4025500e+00
   3.1439574e+00   2.9546132e+00
   4.2550029e+00   3.5828241e+00
   3.4091168e+00   3.2907161e+00
   3.4820739e+00   3.0274808e+00
   2.6737379e+00   2.6351431e+00
   3.9227158e+00   3.7570408e+00
   3.5659965e+00   3.3643334e+00
   3.5122728e+00   3.0855200e+00
   4.0159551e+00   3.2787205e+00
   3.0475564e+00   3.3294896e+00
   3.2904877e+00   3.1897490e+00
   4.2923357e+00   1.9454306e+00
   4.2179979e+00   1.8461073e+00
   4.1963659e+00   1.7748022e+00
   4.1630627e+00   2.2164985e+00
   4.0222587e+00   1.3606458e+00
   3.9414670e+00   2.0386722e+00
   4.1759290e+00   1.7173382e+00
   4.4782070e+00   1.6868574e+00
   3.9186510e+00   2.0589137e+00
   4.2737002e+00   1.7665807e+00
   4.0475644e+00   1.9258063e+00
   4.1667181e+00   1.5736853e+00
   3.7069980e+00   1.8081669e+00
   4.1004663e+00   1.8111004e+00
   3.9044682e+00   1.6660581e+00
   4.0396403e+00   1.8216000e+00
   4.1749786e+00   1.8407807e+00
   4.1179153e+00   1.8960997e+00
   4.0461221e+00   2.0287430e+00
   4.0022115e+00   1.8693824e+00
   3.8050377e+00   1.8989086e+00
   4.0470690e+00   2.0878069e+00
   4.0202145e+00   1.9411504e+00
   4.0216327e+00   1.9013171e+00
   3.9127636e+00   1.8787763e+00
   4.1205118e+00   1.7411882e+00
   3.7628713e+00   1.6744822e+00
   3.9020479e+00   1.8409720e+00
   3.6957578e+00   1.7520739e+00
   3.8638126e+00   2.0569186e+00
   4.3005961e+00   1.8022220e+00
   4.1188433e+00   1.6985324e+00
   4.1573067e+00   1.5751824e+00
   3.7976977e+00   1.6116179e+00
   3.9844155e+00   1.7694103e+00
   4.0899881e+00   1.7176985e+00
   4.0152587e+00   1.8857014e+00
   4.5292186e+00   1.8003754e+00
   3.7575969e+00   2.8470917e+00
   3.6838287e+00   1.8515148e+00
   4.1615308e+00   1.6957798e+00
   4.1099209e+00   1.6320563e+00
   3.9813853e+00   1.8069267e+00
   3.9885343e+00   1.5235537e+00
   4.2103267e+00   1.7649586e+00
   4.4583490e+00   1.8978076e+00
   4.0385061e+00   2.0705719e+00
   3.9872649e+00   1.8781827e+00
   4.5232909e+00   1.9534020e+00
   4.0656074e+00   1.6263667e+00
   4.0691405e+00   1.8568324e+00
   4.5426817e+00   1.8074970e+00
   4.5519679e+00   1.9993840e+00
   3.8201021e+00   1.9389617e+00
   3.9994919e+00   2.6431757e+00
   3.9082282e+00   1.6674238e+00
   3.9817072e+00   1.7725460e+00
   3.8998230e+00   2.0448649e+00
   3.9454062e+00   1.4887316e+00
   4.0239958e+00   1.7395084e+00
   4.1643768e+00   1.9080726e+00
   4.0043282e+00   1.9156880e+00
   3.9175969e+00   1.7748426e+00
   3.7818418e+00   1.9337734e+00
   4.0728360e+00   1.5572443e+00
   4.0037378e+00   1.6882159e+00
   4.3575476e+00   2.0976429e+00
   4.1184448e+00   1.8762710e+00
   3.7865622e+00   1.7627760e+00
   4.0122622e+00   1.9638943e+00
   4.0071785e+00   1.7883898e+00
   3.9193899e+00   1.4960627e+00
   4.1243079e+00   2.1187878e+00
   3.5209623e+00   1.9197146e+00
   3.8399388e+00   1.6997764e+00
   3.8395535e+00   1.7475080e+00
   3.9902235e+00   1.7915282e+00
   3.9123285e+00   1.9128718e+00
   3.9291547e+00   1.9697795e+00
   3.7503319e+00   1.7327621e+00
   3.8340947e+00   1.7863227e+00
   4.2011937e+00   1.7513008e+00
   4.0197915e+00   1.7409971e+00
   4.1704445e+00   1.6579508e+00
   4.2012208e+00   2.0004438e+00
   4.1735085e+00   1.8694669e+00
   3.9435476e+00   1.6418047e+00
   4.3289341e+00   1.6639714e+00
   4.0416026e+00   1.6390379e+00
   4.4457085e+00   2.0684314e+00
   3.9402556e+00   1.8012420e+00
   4.0583666e+00   2.1718806e+00
   3.9410783e+00   1.7034989e+00
   3.9173597e+00   2.1432286e+00
   3.9169469e+00   2.0803393e+00
   3.7226746e+00   2.1346159e+00
   4.1561789e+00   1.9038242e+00
   4.2082803e+00   1.9210118e+00
   4.6105780e+00   1.7925048e+00
   3.7269594e+00   1.7656812e+00
   3.8673279e+00   1.7623884e+00
   4.0096973e+00   1.7372202e+00
   3.2301000e+00   1.9694738e+00
   3.9421244e+00   1.4702823e+00
   3.7758066e+00   1.8585314e+00
   3.6907379e+00   1.6149975e+00
   4.3256947e+00   1.6234836e+00
   4.0370576e+00   1.7989017e+00
   3.9996620e+00   1.6132675e+00
   4.2826245e+00   1.4583809e+00
   4.1442650e+00   1.8069856e+00
   3.9634735e+00   2.0290241e+00
   4.3572740e+00   1.8440043e+00
   4.0655391e+00   1.8593997e+00
   3.9913861e+00   1.6499864e+00
   3.9814596e+00   2.1869335e+00
   3.6552296e+00   1.7960500e+00
   4.0901646e+00   2.5347504e+00
   4.2251728e+00   1.8408485e+00
   3.8966350e+00   1.8217881e+00
   4.0638979e+00   1.7335674e+00
   3.7829816e+00   1.6361767e+00
   3.8229973e+00   1.7534723e+00
   3.4271299e+00   1.6204235e+00
   4.2856506e+00   1.9531754e+00
   4.0395135e+00   1.8323802e+00
   4.2766444e+00   1.8673220e+00
   4.0056431e+00   1.9976023e+00
   3.8055660e+00   1.9887019e+00
   4.5816146e+00   1.9195043e+00
   4.1039847e+00   1.9298403e+00
   3.9766249e+00   1.4525374e+00
   4.0228869e+00   1.7493770e+00
   4.4190995e+00   1.7716905e+00
   4.0165552e+00   1.7345540e+00
   4.0986463e+00   1.8502418e+00
   3.6469165e+00   1.6738686e+00
   4.0659915e+00   1.6550378e+00
   4.0279254e+00   1.8874629e+00
   4.0988103e+00   1.7337305e+00
   3.9250065e+00   1.9449106e+00
   3.9889364e+00   1.3169989e+00
   3.5849604e+00   2.0984097e+00
   4.2869294e+00   1.8651032e+00
   3.9251388e+00   1.6548462e+00
   3.7638922e+00   1.7937186e+00
   4.0928509e+00   1.4546249e+00
   4.0435895e+00   1.7135266e+00
   3.8706701e+00   1.8958352e+00
   3.9714381e+00   1.7772509e+00
   4.0341586e+00   1.7884955e+00
   4.0143777e+00   1.9400341e+00
   4.0787079e+00   2.0351875e+00
   3.9846635e+00   1.6822134e+00
   3.9912573e+00   1.8600552e+00
   4.3573260e+00   2.0208185e+00
   4.0947982e+00   1.8881059e+00
   4.0905271e+00   2.1595230e+00
   3.9999153e+00   1.8537741e+00
   4.0747476e+00   2.1408226e+00
   3.9040379e+00   1.7053195e+00
   4.1377059e+00   1.8177422e+00
   4.2559853e+00   1.7135772e+00
   3.7534476e+00   1.7088114e+00
   4.1249496e+00   1.5311945e+00
   3.8322368e+00   1.9083249e+00
   4.3534875e+00   1.7175478e+00
   3.8124395e+00   1.7304485e+00
   4.4394302e+00   1.8093153e+00
   4.0855752e+00   1.8742484e+00
   4.0697783e+00   1.6565064e+00
   3.8122297e+00   1.6041935e+00
   4.0237052e+00   1.9056236e+00
   3.8710597e+00   1.7401103e+00
   3.7327534e+00   1.8290444e+00
   4.0607164e+00   1.8584468e+00
   3.8207009e+00   1.9419991e+00
   4.2551353e+00   1.6811373e+00
   3.8904658e+00   1.9598287e+00
   4.0163498e+00   2.0964089e+00
   4.1434635e+00   1.5765193e+00
   3.9088961e+00   1.6542532e+00
   3.7897324e+00   1.8418119e+00
   3.8150112e+00   1.7836853e+00
   3.9762991e+00   1.4089780e+00
   4.1200067e+00   2.1127712e+00
   3.9065859e+00   1.7802902e+00
   3.9371562e+00   1.7385148e+00
   3.8721704e+00   2.1254968e+00
   4.0568830e+00   1.6901530e+00
   3.5894197e+00   1.9468520e+00
   4.0080629e+00   1.7198948e+00
   4.1279867e+00   1.8213710e+00
   3.8765348e+00   1.6286447e+00
   4.0437162e+00   1.6396897e+00
   4.0518877e+00   1.8074553e+00
   4.1413853e+00   1.5346527e+00
   4.1394525e+00   1.7587520e+00
   3.9907054e+00   2.2189884e+00
   4.0107000e+00   1.7747928e+00
   9.3526467e-01   3.4364551e+00
   1.0211519e+00   3.4311092e+00
   1.7496152e+00   2.9823101e+00
   1.2026134e+00   3.4675195e+00
   1.3663673e+00   3.8613151e+00
   1.4215709e+00   2.8151350e+00
   1.0940675e+00   3.7838133e+00
   1.8119211e+00   3.6900218e+00
   1.6275299e+00   3.7244425e+00
   1.1920610e+00   2.9393838e+00
   9.3101939e-01   3.2182320e+00
   1.1584374e+00   3.2538187e+00
   1.2664890e+00   2.9897973e+00
   1.9026760e+00   3.6535622e+00
   1.8150017e+00   3.2958554e+00
   1.9212353e+00   3.0707278e+00
   1.9466442e+00   3.5189994e+00
   9.7568705e-01   3.5110966e+00
   1.2533489e+00   3.6107025e+00
   1.6009578e+00   3.9203523e+00
   1.1731776e+00   3.6595505e+00
   9.7723165e-01   3.4778078e+00
   1.8897665e+00   2.9239194e+00
   1.7852919e+00   3.8526906e+00
   1.3127492e+00   3.9180903e+00
   1.7906604e+00   3.6750944e+00
   1.7927301e+00   3.5257756e+00
   1.7206147e+00   2.8702567e+00
   1.0922396e+00   3.0091509e+00
   1.5282412e+00   3.0910150e+00
   1.5282737e+00   2.9850492e+00
   1.9087839e+00   3.2097682e+00
   9.6153575e-01   3.4675930e+00
   1.6901699e+00   3.4929534e+00
   1.0112951e+00   3.2913820e+00
   1.9236957e+00   3.1372298e+00
   9.8033050e-01   3.5301870e+00
   1.6718425e+00   3.8331486e+00
   9.6393520e-01   3.3999686e+00
   1.4025822e+00   2.9614452e+00
   1.4486768e+00   2.8611467e+00
   2.0848810e+00   3.2717849e+00
   2.0538418e+00   3.5581927e+00
   1.4594755e+00   2.9404013e+00
   1.5571388e+00   3.5154496e+00
   1.3365253e+00   2.8283432e+00
   1.4099158e+00   3.7666969e+00
   1.0897875e+00   3.6486947e+00
   2.0342527e+00   3.2148174e+00
   1.3110708e+00   3.8374461e+00
   1.5834331e+00   3.8405248e+00
   1.1493239e+00   3.7691721e+00
   1.1865376e+00   3.4162019e+00
   1.0484980e+00   3.0519570e+00
   1.4368891e+00   3.1068045e+00
   1.0457024e+00   3.2436502e+00
   1.1693454e+00   3.8118390e+00
   9.8915706e-01   3.1172758e+00
   1.9875478e+00   3.0615144e+00
   2.0012217e+00   3.3648306e+00
   1.4675904e+00   2.7526331e+00
   1.1422786e+00   3.1902641e+00
   1.4257171e+00   3.7468880e+00
   1.2371951e+00   3.2405054e+00
   9.2305180e-01   3.4221739e+00
   1.8600711e+00   3.7887832e+00
   9.5062122e-01   3.2033636e+00
   1.0090349e+00   3.5874215e+00
   9.6990327e-01   3.1586932e+00
   2.0333467e+00   3.1966577e+00
   1.9353359e+00   3.7207278e+00
   1.7102963e+00   2.9548719e+00
   1.4251978e+00   3.8667564e+00
   1.4716933e+00   3.9008238e+00
   1.9398203e+00   3.1891513e+00
   1.0993671e+00   3.0614520e+00
   1.6291010e+00   2.8507575e+00
   1.0062379e+00   3.2868025e+00
   1.4331296e+00   3.7470668e+00
   9.3259772e-01   3.1889625e+00
   1.2821750e+00   3.6606480e+00
   1.9117276e+00   3.7048684e+00
   1.8908008e+00   3.6524634e+00
   1.3047015e+00   3.7622091e+00
   1.8322299e+00   3.0239118e+00
   9.4065434e-01   3.5533801e+00
   1.2781959e+00   2.8230710e+00
   1.9308415e+00   3.7107302e+00
   1.8711978e+00   3.7617910e+00
   1.8739822e+00   3.2101925e+00
   1.1388607e+00   3.3915025e+00
   1.1302805e+00   3.1838465e+00
   1.9075996e+00   3.5251587e+00
   1.2977481e+00   3.4419087e+00
   1.0327567e+00   3.0945384e+00
   1.7203261e+00   2.8974825e+00
   1.4519677e+00   2.8623879e+00
   1.4467719e+00   3.6276860e+00
   1.7026657e+00   2.8577748e+00
   1.4945436e+00   2.7892615e+00
   1.9317500e+00   3.0652259e+00
   1.7444824e+00   2.8995598e+00
   1.2809601e+00   3.8534584e+00
   1.1639533e+00   3.1865112e+00
   1.9752166e+00   3.7017740e+00
   1.7231165e+00   2.8667706e+00
   1.5845030e+00   2.8409170e+00
   1.4350866e+00   3.7397506e+00
   1.0485015e+00   3.1669997e+00
   1.0250692e+00   3.6146212e+00
   1.8233638e+00   2.9953681e+00
   1.7590252e+00   3.7899589e+00
   1.1896287e+00   3.5125426e+00
   1.6467350e+00   3.8543392e+00
   1.3477327e+00   3.4530180e+00
   1.2313722e+00   3.8389570e+00
   9.6203953e-01   3.4778944e+00
   1.0736904e+00   3.6431129e+00
   1.0260448e+00   3.4485250e+00
   1.8850883e+00   3.7942988e+00
   1.3834743e+00   2.9004406e+00
   1.4638775e+00   3.0380435e+00
   1.1372062e+00   2.9854920e+00
   1.1402762e+00   3.7026244e+00
   1.7682407e+00   3.4162297e+00
   1.5456582e+00   3.7582595e+00
   1.3610446e+00   3.6705744e+00
   9.5512504e-01   3.4225465e+00
   1.0664771e+00   3.7037821e+00
   2.0574100e+00   3.4209754e+00
   1.1918296e+00   3.1038905e+00
   1.5222671e+00   3.4111078e+00
   1.5896876e+00   2.7809740e+00
   1.2330179e+00   2.9581704e+00
   1.8577002e+00   2.9677849e+00
   1.2930514e+00   3.8298290e+00
   1.0887654e+00   3.1634049e+00
   1.2131730e+00   2.8376833e+00
   1.0743090e+00   3.4636679e+00
   1.9343366e+00   3.4888239e+00
   1.0446678e+00   3.6082649e+00
   1.6050095e+00   2.8430092e+00
   1.4508726e+00   3.9157772e+00
   1.5085742e+00   2.8691837e+00
   1.3055146e+00   3.5479560e+00
   1.4277340e+00   3.9351762e+00
   1.1510855e+00   3.7910905e+00
   1.0596594e+00   3.1479382e+00
   1.1174093e+00   3.5826624e+00
   1.6088335e+00   3.0879035e+00
   1.9082518e+00   3.3284980e+00
   1.9928316e+00   3.4467021e+00
   1.9966235e+00   3.4898997e+00
   1.7939574e+00   3.7770395e+00
   1.2787473e+00   3.0210748e+00
   1.2958459e+00   3.7456435e+00
   1.4887605e+00   3.7386976e+00
   1.1684092e+00   2.8949363e+00
   1.8896762e+00   3.7938650e+00
   1.5605364e+00   2.7818585e+00
   1.2417469e+00   2.8744823e+00
   1.9239662e+00   3.5349199e+00
   1.4715443e+00   2.9120570e+00
   1.0290085e+00   3.6217904e+00
   9.9466358e-01   3.4159035e+00
   1.8645553e+00   3.1498260e+00
   1.4641595e+00   2.7647394e+00
   1.8926520e+00   3.7007107e+00
   1.3626844e+00   2.8710482e+00
   1.5125300e+00   3.9047185e+00
   1.0774527e+00   3.5409600e+00
   1.9945834e+00   3.0755358e+00
   1.2364120e+00   3.3906162e+00
   1.6473381e+00   2.8571024e+00
   1.1001068e+00   3.2503349e+00
   2.0874087e+00   3.4027079e+00
   1.7321560e+00   2.8476267e+00
   1.7981657e+00   2.8666269e+00
   1.4317524e+00   2.8576008e+00
   2.0759455e+00   3.5154079e+00
   1.0029063e+00   3.4929441e+00
   1.0832839e+00   3.6703939e+00
   1.7790503e+00   3.4311607e+00
   1.0709030e+00   3.4994275e+00
   1.4522178e+00   2.8778784e+00
   9.7670151e-01   3.5970777e+00
   1.9880534e+00   3.2956750e+00
   1.3518967e+00   3.8785975e+00
   1.8018738e+00   3.0201835e+00
   9.7629008e-01   3.3858737e+00
   1.0472594e+00   3.4162361e+00
   1.6531300e+00   3.0860494e+00
   1.1220541e+00   3.6272037e+00
   1.2171060e+00   3.2364759e+00
   1.3413702e+00   2.8094733e+00
   1.2209530e+00   3.3454251e+00
   1.3477927e+00   2.9264552e+00
   1.8719679e+00   3.0251984e+00
   1.5741475e+00   3.8953080e+00
   1.8578624e+00   2.9582905e+00
   1.9291949e+00   1.4329656e+00
   1.5304641e+00   1.8116444e+00
   1.7365649e+00   1.6021879e+00
   1.4827686e+00   1.6670390e+00
   1.7634822e+00   1.7678918e+00
   1.8020923e+00   1.5826356e+00
   1.9835540e+00   1.4866291e+00
   1.7671744e+00   1.8738520e+00
   1.8384573e+00   1.6156969e+00
   1.7698283e+00   1.7098321e+00
   1.6335966e+00   1.7175597e+00
   1.5914714e+00   2.0705849e+00
   1.9196197e+00   1.4667580e+00
   1.8527519e+00   1.6382158e+00
   1.4924066e+00   2.2001083e+00
   1.3445871e+00   2.0207486e+00
   1.9577300e+00   1.4873834e+00
   1.7249647e+00   1.6578064e+00
   1.9152993e+00   1.5526230e+00
   1.8319738e+00   1.6917693e+00
   1.7272132e+00   1.6055392e+00
   1.7592004e+00   1.3757869e+00
   1.7182863e+00   1.7277948e+00
   1.6979297e+00   1.2945549e+00
   1.5656458e+00   1.8045013e+00
   1.5467963e+00   2.0960960e+00
   1.7158551e+00   1.7068333e+00
   1.6193258e+00   1.8286656e+00
   1.7575776e+00   1.4969880e+00
   1.5804591e+00   1.3215476e+00
   1.5929543e+00   1.9743288e+00
   1.6555540e+00   1.7748256e+00
   1.9167343e+00   1.4266464e+00
   1.5541240e+00   1.8828462e+00
   1.5374696e+00   1.5441124e+00
   1.5441762e+00   1.8975244e+00
   1.5125218e+00   2.1621012e+00
   1.8203723e+00   1.4205894e+00
   1.6196311e+00   2.0405129e+00
   1.7027169e+00   1.4986519e+00
   1.8225530e+00   1.6223313e+00
   1.6711792e+00   1.5540409e+00
   1.5089843e+00   2.2741533e+00
   1.7402529e+00   1.7816769e+00
   1.4655676e+00   2.0531356e+00
   1.7584431e+00   1.5303442e+00
   1.2324924e+00   2.0437455e+00
   1.8610490e+00   1.7436628e+00
   1.4941221e+00   1.9503755e+00
   1.6998909e+00   1.8968922e+00
   1.7400498e+00   1.7820420e+00
   1.5176368e+00   2.0404038e+00
   1.9259906e+00   1.4976357e+00
   1.6738838e+00   1.7805588e+00
   1.6600631e+00   1.3981227e+00
   1.8296937e+00   1.5026389e+00
   1.5432998e+00   1.8830686e+00
   1.6866289e+00   1.7733000e+00
   1.8843107e+00   1.6029484e+00
   1.1374861e+00   2.2206532e+00
   1.2002067e+00   1.9782984e+00
   1.6429238e+00   1.7941765e+00
   1.6492228e+00   1.8410083e+00
   1.3826995e+00   2.1202711e+00
   1.8118245e+00   1.6786739e+00
   1.5652599e+00   2.0148636e+00
   1.5175920e+00   2.1560040e+00
   1.5786307e+00   2.0939131e+00
   1.7322019e+00   1.8448478e+00
   1.5206552e+00   1.7136877e+00
   1.3358886e+00   1.9102060e+00
   1.9163474e+00   1.5427940e+00
   1.7786774e+00   1.8101730e+00
   1.6955506e+00   1.7063572e+00
   1.8978107e+00   1.5477850e+00
   1.5672001e+00   1.4085350e+00
   1.6781019e+00   1.3325456e+00
   1.9142138e+00   1.5431232e+00
   1.8390019e+00   1.5723731e+00
   1.6755623e+00   1.8638907e+00
   1.8412816e+00   1.4266764e+00
   1.5766484e+00   1.3008301e+00
   1.7871644e+00   1.7736503e+00
   1.8174035e+00   1.4464642e+00
   1.4946668e+00   2.1469116e+00
   1.8202504e+00   1.5729969e+00
   1.8468142e+00   1.5512420e+00
   1.5762196e+00   1.3297703e+00
   1.6535527e+00   1.8441930e+00
   1.3494926e+00   1.6857104e+00
   1.7177432e+00   1.5937141e+00
   1.7477085e+00   1.6103695e+00
   1.8020869e+00   1.5964501e+00
   1.6070005e+00   1.5748432e+00
   1.7966860e+00   1.8069685e+00
   1.7227688e+00   1.8918126e+00
   1.8669018e+00   1.4761395e+00
   1.5682065e+00   1.7721815e+00
   1.7950648e+00   1.6583806e+00
   1.5858217e+00   1.7044446e+00
   1.8234544e+00   1.4149919e+00
   1.7353646e+00   1.5983211e+00
   1.3570785e+00   2.0294631e+00
   1.7622115e+00   1.4852718e+00
   1.4469827e+00   1.7933869e+00
   1.8218767e+00   1.4061507e+00
   1.4065268e+00   1.4017437e+00
   1.4779667e+00   1.7645848e+00
   1.8520982e+00   1.6606318e+00
   1.5441392e+00   2.1610528e+00
   1.7097468e+00   1.6155736e+00
   1.5570111e+00   2.0075095e+00
   1.7017666e+00   1.7528987e+00
   1.6368508e+00   2.0364310e+00
   1.7031396e+00   1.6950650e+00
   1.8962223e+00   1.5691459e+00
   1.5482158e+00   1.5112516e+00
   1.8524705e+00   1.7342798e+00
   1.6227772e+00   1.9547108e+00
   1.6652794e+00   1.6173816e+00
   1.5368361e+00   1.7470546e+00
   1.9008918e+00   1.5129505e+00
   1.8863641e+00   1.4178701e+00
   1.3373144e+00   1.6332596e+00
   1.7725498e+00   1.5420286e+00
   1.4456161e+00   1.5520598e+00
   1.4811190e+00   2.0838907e+00
   1.7008346e+00   1.6007697e+00
   1.8898374e+00   1.6521057e+00
   1.8863895e+00   1.6939600e+00
   1.5865375e+00   1.8308567e+00
   1.5520257e+00   1.7580880e+00
   1.9638617e+00   1.4826352e+00
   1.3612468e+00   2.2706229e+00
   1.6152905e+00   1.9864391e+00
   1.5672493e+00   1.7475252e+00
   1.9133326e+00   1.5884442e+00
   1.9055959e+00   1.4634282e+00
   1.7394962e+00   1.4013368e+00
   1.8250990e+00   1.7980309e+00
   1.8194860e+00   1.5308695e+00
   1.5480138e+00   1.8079229e+00
   1.8962517e+00   1.6380110e+00
   1.6687470e+00   1.4569930e+00
   1.5473301e+00   2.1532823e+00
   1.8594745e+00   1.7460703e+00
   1.6527666e+00   1.5135538e+00
   1.3526858e+00   1.9298614e+00
   1.6461678e+00   1.4349306e+00
   1.9155543e+00   1.6520305e+00
   1.5951678e+00   1.6335125e+00
   1.6752966e+00   1.4706146e+00
   1.6948793e+00   1.7938480e+00
   1.4516172e+00   1.9414588e+00
   1.7685193e+00   1.4424180e+00
   1.8274313e+00   1.6332168e+00
   1.6269346e+00   1.6451561e+00
   1.6811061e+00   1.9061632e+00
   1.7104139e+00   1.9416438e+00
   1.5420615e+00   1.6405661e+00
   1.8832337e+00   1.5787921e+00
   1.6001987e+00   1.5884698e+00
   1.9616678e+00   1.5546766e+00
   1.7320670e+00   1.4669425e+00
   1.7276737e+00   1.4242527e+00
   1.5109520e+00   1.7600281e+00
   1.7359629e+00   1.8020814e+00
   1.4687824e+00   2.2458305e+00
   1.2485371e+00   1.6739156e+00
   1.6082376e+00   1.2324318e+00
   1.7235906e+00   1.8722583e+00
   1.5810246e+00   1.6249847e+00
   1.5289706e+00   2.0249364e+00
   1.6613331e+00   1.9630379e+00
   1.8383661e+00   1.5758573e+00
   1.6362853e+00   1.4202443e+00
   1.8175222e+00   1.4070020e+00
   1.9217681e+00   1.5603723e+00
   1.9306542e+00   1.5589100e+00
   1.8982377e+00   1.4638817e+00
   1.9631171e+00   1.5047222e+00
   1.9809289e+00   1.5497077e+00
   1.6295125e+00   1.5631363e+00
   1.8758356e+00   1.4950766e+00
   1.8235354e+00   1.5627823e+00
   1.6120770e+00   1.4396684e+00
   1.6477418e+00   1.7140522e+00
   1.9118704e+00   1.4484916e+00
   1.1681087e+00   2.1488630e+00
   1.3613492e+00   1.9843548e+00
   1.5131344e+00   1.8375052e+00
   1.9508504e+00   1.5461282e+00
   1.7486824e+00   1.5151892e+00
   1.6661607e+00   1.8441386e+00
   1.8788415e+00   1.6690725e+00
   1.8982985e+00   1.6790802e+00
   1.8379747e+00   1.5777639e+00
   1.7388921e+00   1.4753013e+00
   1.4141826e+00   1.8115837e+00
   1.9373674e+00   1.5342323e+00
   3.9282440e+00   7.1725305e-01
   3.8675199e+00   7.7801060e-01
   4.0148148e+00   7.6913580e-01
   4.0869649e+00   7.3526217e-01
   4.0620792e+00   7.5516453e-01
   4.0497081e+00   6.7910186e-01
   3.9308028e+00   7.7738767e-01
   4.1833333e+00   6.3333333e-01
   4.2304898e+00   6.3628074e-01
   4.0993816e+00   6.3552279e-01
   4.2375890e+00   5.5074572e-01
   4.2418890e+00   7.3232560e-01
   4.2722222e+00   4.2345679e-01
   4.3534565e+00   4.0130149e-01
   4.2795666e+00   5.0170635e-01
   4.2852257e+00   4.1954590e-01
   4.3492589e+00   4.7878867e-01
   4.3166667e+00   2.7530864e-01
   4.2287511e+00   2.1750669e-01
   4.3327153e+00   3.3190978e-01
   4.3111961e+00   3.2426470e-01
   4.3913126e+00   2.7251960e-01
   4.3462963e+00   1.3950617e-01
   4.3281893e+00   2.3846224e-01
   4.4323320e+00   8.2352358e-02
   4.3871174e+00   4.9371498e-02
   4.3338422e+00   7.8236721e-02
   4.1611111e+00   7.1975309e-01
   4.1770643e+00   6.5018126e-01
   4.2349187e+00   7.5050547e-01
   4.2030545e+00   7.1424172e-01
   4.2417063e+00   7.2070575e-01
   4.2796296e+00   5.3456790e-01
   4.2044003e+00   6.2559020e-01
   4.1938314e+00   4.4954411e-01
   4.3483344e+00   5.3810550e-01
   4.3298459e+00   6.0243514e-01
   4.1092593e+00   7.8148148e-01
   4.1358151e+00   8.6672934e-01
   4.1796832e+00   7.3215350e-01
   4.0245216e+00   8.2606151e-01
   4.1847282e+00   8.5606791e-01
   3.9666667e+00   8.9259259e-01
   4.0057175e+00   7.9667973e-01
   4.0228929e+00   7.9298772e-01
   3.9823276e+00   8.6533833e-01
   3.9354412e+00   9.7333574e-01
   3.8777778e+00   7.6913580e-01
   3.9724134e+00   7.7971338e-01
   3.9265022e+00   8.0075224e-01
   3.9074074e+00   8.9259259e-01
   3.8520461e+00   8.0788419e-01
   3.9982778e+00   9.2934412e-01
   3.8690593e+00   9.5184710e-01
   3.8963385e+00   9.6337205e-01
   3.8649413e+00   9.2936824e-01
   4.0757463e+00   8.5783582e-01
   4.1348048e+00   9.5626310e-01
   4.0488581e+00   9.1184868e-01
   4.0470773e+00   8.2807171e-01
   4.0575534e+00   8.7641333e-01
   4.3712687e+00   1.3022388e-01
   4.3816332e+00   1.9091606e-01
   4.3691037e+00   1.4482394e-01
   4.2713602e+00   1.8033705e-01
   4.3879138e+00   1.4306816e-01
   4.2503731e+00   3.4291045e-01
   4.3373206e+00   3.1566425e-01
   4.2068721e+00   3.7883596e-01
   4.1548703e+00   3.7084709e-01
   4.1600946e+00   3.9276935e-01
   4.1764925e+00   5.4440299e-01
   4.1851567e+00   5.3400808e-01
   4.2584358e+00   5.0971070e-01
   4.1199021e+00   5.2477994e-01
   4.1144342e+00   5.4416483e-01
   4.3511194e+00   2.7574627e-01
   4.3176918e+00   2.7342748e-01
   4.3259111e+00   2.8144700e-01
   4.3450531e+00   1.9492930e-01
   4.3581134e+00   3.0578278e-01
   4.3316025e+00   3.5467737e-01
   4.2899350e+00   2.0073671e-01
   4.4145147e+00   2.6712452e-01
   4.3876526e+00   3.6968424e-01
   4.3051241e+00   2.7960168e-01
   4.3242537e+00   4.6604478e-01
   4.4191649e+00   4.3781317e-01
   4.3807679e+00   4.4725819e-01
   4.3852206e+00   4.8252538e-01
   4.3958808e+00   3.8855384e-01
   4.2705224e+00   6.1156716e-01
   4.3487139e+00   6.5729858e-01
   4.3515729e+00   5.1201108e-01
   4.1901906e+00   6.9171142e-01
   4.1813751e+00   6.1969205e-01
   4.0620792e+00   7.5516453e-01
   4.3852206e+00   4.8252538e-01
   3.8963385e+00   9.6337205e-01
   4.1348048e+00   9.5626310e-01
   3.9368222e+00   7.1769898e-01
   3.8793437e+00   7.8665640e-01
   4.0299052e+00   7.9363774e-01
   4.1086243e+00   7.6482668e-01
   4.0712655e+00   7.5568541e-01
   4.0530730e+00   7.0368365e-01
   3.9441015e+00   7.9602183e-01
   4.1973362e+00   6.5013999e-01
   4.2309299e+00   6.4360168e-01
   4.1193032e+00   6.6018302e-01
   4.2593108e+00   5.5864207e-01
   4.2503380e+00   7.5493464e-01
   4.2800768e+00   4.4324613e-01
   4.3747106e+00   4.0772338e-01
   4.3030823e+00   5.1976985e-01
   4.3148104e+00   4.3769402e-01
   4.3634592e+00   4.9857372e-01
   4.3437512e+00   2.8080955e-01
   4.2422829e+00   2.3660310e-01
   4.3568508e+00   3.3701905e-01
   4.3360620e+00   3.4045273e-01
   4.3963007e+00   2.9122142e-01
   4.3581135e+00   1.6008287e-01
   4.3438120e+00   2.5878262e-01
   4.4538757e+00   1.0865726e-01
   4.4041931e+00   4.9758213e-02
   4.3476663e+00   8.7548788e-02
   4.1744703e+00   7.4312546e-01
   4.1796966e+00   6.5940014e-01
   4.2482232e+00   7.7830582e-01
   4.2140435e+00   7.3460331e-01
   4.2507823e+00   7.2293540e-01
   4.3051850e+00   5.3668798e-01
   4.2271847e+00   6.2594811e-01
   4.2223242e+00   4.5635872e-01
   4.3650725e+00   5.5359306e-01
   4.3302729e+00   6.1618127e-01
   4.1271446e+00   8.0257758e-01
   4.1603013e+00   8.8420386e-01
   4.2089960e+00   7.4742968e-01
   4.0311789e+00   8.2829019e-01
   4.2058387e+00   8.6186499e-01
   3.9823285e+00   9.0398072e-01
   4.0337044e+00   8.0497278e-01
   4.0442935e+00   8.1611418e-01
   3.9891688e+00   8.7475623e-01
   3.9489304e+00   9.9248154e-01
   3.8829438e+00   7.9873281e-01
   4.0014780e+00   7.9479966e-01
   3.9371737e+00   8.2918334e-01
   3.9088788e+00   9.1743337e-01
   3.8747063e+00   8.3541091e-01
   4.0251222e+00   9.3273651e-01
   3.8776438e+00   9.7621088e-01
   3.9038746e+00   9.9061992e-01
   3.8929234e+00   9.3405952e-01
   4.0796757e+00   8.6149938e-01
   4.1630293e+00   9.7914310e-01
   4.0699137e+00   9.3350269e-01
   4.0725076e+00   8.4762091e-01
   4.0638316e+00   8.9903401e-01
   4.3849214e+00   1.5011874e-01
   4.3840654e+00   2.1742087e-01
   4.3946374e+00   1.5298867e-01
   4.2882217e+00   1.9292003e-01
   4.3974927e+00   1.4945797e-01
   4.2616201e+00   3.4397845e-01
   4.3633544e+00   3.1809917e-01
   4.2180374e+00   4.0435296e-01
   4.1570810e+00   3.8105320e-01
   4.1660897e+00   4.0675400e-01
   4.1779773e+00   5.7181588e-01
   4.2021580e+00   5.4086538e-01
   4.2620936e+00   5.3557204e-01
   4.1355654e+00   5.4447849e-01
   4.1179460e+00   5.7090032e-01
   4.3742170e+00   2.9039057e-01
   4.3289435e+00   3.0320684e-01
   4.3506127e+00   2.9264678e-01
   4.3464522e+00   2.1087065e-01
   4.3760508e+00   3.1122227e-01
   4.3600771e+00   3.6973570e-01
   4.2985990e+00   2.1340256e-01
   4.4411797e+00   2.8693734e-01
   4.3907001e+00   3.8989383e-01
   4.3070835e+00   3.0832158e-01
   4.3312827e+00   4.7180075e-01
   4.4471579e+00   4.4114966e-01
   4.3826617e+00   4.6420980e-01
   4.3931472e+00   5.1160036e-01
   4.4258668e+00   3.8926615e-01
   4.2768820e+00   6.3767364e-01
   4.3636662e+00   6.5810488e-01
   4.3602876e+00   5.2759694e-01
   4.2103732e+00   6.9748016e-01
   4.2101149e+00   6.4116272e-01
   4.0850757e+00   7.6268472e-01
   4.4052043e+00   5.1054132e-01
   3.9002669e+00   9.6748773e-01
   4.1376672e+00   9.7191177e-01
